2.598360 1.892670 -0.861350
2.601820 1.881330 -0.860315
2.617780 1.878990 -0.863420
2.627470 1.872080 -0.864456
2.633990 1.862900 -0.864456
2.637320 1.851480 -0.863420
2.643760 1.842260 -0.863420
2.653040 1.835680 -0.864456
2.649870 1.819850 -0.861350
2.667380 1.818200 -0.864973
2.667310 1.804550 -0.862903
2.663970 1.788770 -0.859797
2.683060 1.788030 -0.863938
2.688970 1.779120 -0.863938
2.704860 1.776080 -0.867044
2.704570 1.762410 -0.864973
2.704210 1.748770 -0.862903
2.713550 1.741400 -0.863938
2.726130 1.736070 -0.866009
2.733810 1.727580 -0.866526
2.739820 1.718020 -0.866526
2.731040 1.699260 -0.861867
2.743530 1.693780 -0.863938
2.752430 1.686690 -0.864973
2.771500 1.685100 -0.869114
2.765790 1.668430 -0.865491
2.774620 1.661240 -0.866526
2.773470 1.648080 -0.864456
2.784200 1.641330 -0.866009
2.803250 1.639400 -0.870150
3.240560 1.893630 -0.866511
2.798930 1.623790 -0.867044
3.243780 1.880350 -0.865612
2.786170 1.603410 -0.861350
3.258770 1.873870 -0.867861
2.802090 1.598940 -0.864456
3.256830 1.857660 -0.865612
2.814380 1.592950 -0.866526
3.251740 1.839000 -0.862462
2.825260 1.585460 -0.868079
3.270040 1.834310 -0.865612
2.818140 1.570490 -0.864456
3.286000 1.829710 -0.868311
2.825290 1.561570 -0.864973
3.290660 1.817290 -0.867861
2.825640 1.548920 -0.863420
3.290140 1.802050 -0.866062
2.841220 1.544580 -0.866526
3.298130 1.791480 -0.866511
2.846590 1.534660 -0.866526
3.287210 1.770720 -0.862012
2.851930 1.524710 -0.866526
3.313990 1.770250 -0.867411
2.852110 1.512030 -0.864973
3.321870 1.759580 -0.867861
2.867630 1.507460 -0.868079
3.319060 1.744030 -0.865612
2.877760 1.500620 -0.869632
3.328590 1.734230 -0.866511
2.882980 1.490570 -0.869632
3.345010 1.727970 -0.869211
2.884720 1.478730 -0.868597
3.349290 1.715390 -0.868761
2.876350 1.461150 -0.864456
3.360470 1.706340 -0.870111
2.888330 1.454570 -0.866526
3.344070 1.682620 -0.864262
2.886480 1.441030 -0.864456
3.363580 1.678490 -0.867861
2.899900 1.435740 -0.867044
3.360680 1.662410 -0.865612
2.904890 1.425610 -0.867044
3.371720 1.653250 -0.866961
2.902900 1.412080 -0.864973
3.389740 1.647430 -0.870111
2.913030 1.404450 -0.866526
3.393420 1.635340 -0.869661
2.917670 1.394790 -0.866526
3.393840 1.620960 -0.868311
2.929510 1.387900 -0.868597
3.371290 1.595760 -0.861113
2.923840 1.372740 -0.865491
3.398010 1.593920 -0.866511
2.916350 1.356820 -0.861867
3.407090 1.583690 -0.867411
2.935110 1.353100 -0.866009
3.410830 1.570970 -0.866961
4.119530 1.896510 -0.881538
2.936300 1.341240 -0.864973
3.407430 1.555010 -0.864712
2.948000 1.334170 -0.867044
3.423490 1.547920 -0.867411
4.143400 1.872560 -0.883827
2.956170 1.325450 -0.868079
3.423270 1.534170 -0.866062
4.149920 1.858080 -0.883827
2.949950 1.310940 -0.864973
3.433950 1.524580 -0.867411
4.166820 1.849090 -0.886117
2.950980 1.299080 -0.863938
3.424970 1.506310 -0.863812
4.126520 1.813990 -0.876195
2.969660 1.294940 -0.868079
3.446290 1.501350 -0.867861
4.158030 1.810550 -0.881538
2.970610 1.283040 -0.867044
3.447930 1.487770 -0.866961
4.185960 1.805360 -0.886117
2.975070 1.272660 -0.867044
3.453100 1.475730 -0.866961
4.192230 1.790730 -0.886117
2.965270 1.256240 -0.862903
3.447470 1.459100 -0.864262
4.151450 1.756200 -0.876195
2.980320 1.250370 -0.866009
3.457930 1.449320 -0.865612
4.204630 1.761420 -0.886117
2.982670 1.239730 -0.865491
3.451920 1.433360 -0.862912
4.163300 1.727900 -0.876195
2.981410 1.227630 -0.863938
3.454850 1.421170 -0.862462
4.169310 1.713360 -0.876195
2.989460 1.218150 -0.864973
3.467260 1.411430 -0.864262
4.222850 1.717300 -0.886117
2.990320 1.205740 -0.863938
3.477830 1.400900 -0.865612
4.181460 1.683480 -0.876195
2.990930 1.193860 -0.862903
3.489700 1.392250 -0.867411
4.278500 1.705220 -0.895276
2.991280 1.182520 -0.861867
3.480030 1.374330 -0.863812
4.192830 1.654980 -0.876195
3.004380 1.175590 -0.864456
3.484570 1.362780 -0.863812
4.246120 1.658910 -0.886117
3.008260 1.165620 -0.864456
3.498400 1.354130 -0.866062
4.258920 1.647650 -0.887644
2.999690 1.150270 -0.860832
3.504690 1.343220 -0.866511
4.253650 1.628570 -0.885354
3.007100 1.141690 -0.861867
3.498420 1.326830 -0.863812
4.262980 1.615100 -0.886117
3.029350 1.137450 -0.867044
3.514210 1.318110 -0.866511
4.221070 1.581550 -0.876195
3.022630 1.122300 -0.863938
3.508050 1.301150 -0.863812
4.226570 1.566810 -0.876195
3.030160 1.113080 -0.864973
3.501370 1.285480 -0.861113
4.279930 1.569620 -0.886117
3.017490 1.097080 -0.860315
3.509500 1.274580 -0.862012
4.262970 1.547380 -0.881538
3.019480 1.085890 -0.859797
3.522880 1.266230 -0.864262
4.242480 1.523200 -0.876195
5.274820 1.892820 -0.887609
3.032360 1.078580 -0.862385
3.523820 1.252000 -0.863362
4.247770 1.508390 -0.876195
5.294750 1.878090 -0.889799
3.039750 1.069270 -0.863420
3.524280 1.239020 -0.862462
4.253010 1.493550 -0.876195
5.293490 1.857900 -0.888548
3.030500 1.054740 -0.859797
3.530420 1.227350 -0.862912
4.257930 1.479440 -0.876195
5.292480 1.836830 -0.887296
3.030510 1.042900 -0.858762
3.543900 1.218190 -0.865162
4.311350 1.481150 -0.886117
5.313810 1.823470 -0.889799
3.037790 1.033560 -0.859797
3.535210 1.201420 -0.862012
4.268160 1.449680 -0.876195
5.314530 1.803010 -0.888861
3.041380 1.022950 -0.859797
3.524400 1.184720 -0.858413
4.273190 1.434770 -0.876195
5.305500 1.780350 -0.886358
3.046590 1.013470 -0.860315
3.539610 1.176100 -0.861113
4.371090 1.451530 -0.895276
5.330430 1.768030 -0.889486
3.040930 0.999809 -0.857726
3.543700 1.163740 -0.861113
5.336570 1.749410 -0.889486
3.053590 0.992172 -0.860315
3.558860 1.154970 -0.863812
4.287740 1.390690 -0.876195
5.338880 1.729560 -0.888861
3.053360 0.980327 -0.859279
3.557300 1.140760 -0.862462
4.359870 1.397290 -0.889933
5.333600 1.707300 -0.886984
3.062290 0.971414 -0.860832
3.538970 1.121270 -0.857064
4.297350 1.360720 -0.876195
5.337640 1.688080 -0.886671
3.059960 0.959520 -0.859279
3.557550 1.114190 -0.860663
4.301830 1.346460 -0.876195
5.348870 1.672130 -0.887609
3.064970 0.949939 -0.859797
3.559360 1.101810 -0.860213
4.306280 1.332190 -0.876195
5.343060 1.650890 -0.885732
3.059200 0.935874 -0.857209
3.572500 1.092220 -0.862462
4.311130 1.316400 -0.876195
5.339630 1.628420 -0.884168
3.066140 0.926306 -0.858244
3.574610 1.078560 -0.862012
4.383370 1.321750 -0.889933
5.367980 1.616600 -0.887922
3.080460 0.918913 -0.861350
3.563420 1.061620 -0.858413
4.320210 1.286270 -0.876195
5.352760 1.591660 -0.884481
3.083650 0.908154 -0.861350
3.568970 1.049730 -0.858863
4.324680 1.271180 -0.876195
5.375340 1.577970 -0.887296
3.075670 0.894149 -0.858244
3.583660 1.041150 -0.861563
4.329090 1.256080 -0.876195
5.363470 1.555190 -0.884481
3.073050 0.882345 -0.856691
3.579780 1.026490 -0.859763
4.333230 1.241720 -0.876195
5.380260 1.539720 -0.886358
3.077970 0.872140 -0.857209
3.573790 1.011950 -0.857513
4.337540 1.226580 -0.876195
5.370130 1.517570 -0.883855
3.090150 0.864530 -0.859797
3.571670 0.997900 -0.856164
4.341580 1.212190 -0.876195
5.384910 1.501470 -0.885419
3.102610 0.855767 -0.862385
3.588280 0.989052 -0.859313
4.346000 1.196270 -0.876195
5.390380 1.481720 -0.885419
3.090660 0.840874 -0.858244
3.595640 0.976915 -0.860213
4.350140 1.181090 -0.876195
5.387890 1.460830 -0.884168
3.093730 0.829541 -0.858244
3.599030 0.964357 -0.860213
4.354440 1.165140 -0.876195
5.410380 1.445660 -0.886984
3.100050 0.820807 -0.859279
3.589020 0.948930 -0.857064
4.358080 1.151460 -0.876195
5.399620 1.424620 -0.884481
7.198450 1.896540 -0.914020
3.099160 0.809004 -0.858244
3.590260 0.936531 -0.856614
4.362080 1.136240 -0.876195
5.402400 1.406210 -0.884168
7.181650 1.866670 -0.911095
3.113050 0.801612 -0.861350
3.601060 0.925936 -0.858413
5.391970 1.383420 -0.881665
7.211190 1.847500 -0.914020
3.104590 0.787892 -0.858244
3.619380 0.917189 -0.862012
4.369710 1.106520 -0.876195
5.408250 1.367500 -0.883542
7.209900 1.820370 -0.913045
3.109200 0.777517 -0.858762
3.620670 0.904078 -0.861563
4.373550 1.091260 -0.876195
5.416830 1.349570 -0.884168
7.208510 1.793270 -0.912070
3.117520 0.768045 -0.860315
3.614190 0.889738 -0.859313
4.377330 1.075990 -0.876195
5.413600 1.329710 -0.882916
7.202850 1.766520 -0.910608
3.118170 0.757246 -0.859797
3.609700 0.875279 -0.857513
5.402850 1.307090 -0.880413
7.201250 1.739510 -0.909633
3.115160 0.745011 -0.858244
3.618420 0.864031 -0.858863
4.384550 1.046160 -0.876195
5.420830 1.291420 -0.882603
7.199550 1.712520 -0.908658
3.110220 0.732361 -0.856173
3.613820 0.849611 -0.857064
5.427230 1.272950 -0.882916
7.166830 1.678320 -0.903783
3.105360 0.719212 -0.854103
3.622460 0.838309 -0.858413
4.391920 1.014760 -0.876195
5.404910 1.246830 -0.878536
7.195860 1.658650 -0.906708
3.126680 0.712662 -0.859279
3.617910 0.823297 -0.856614
4.395440 0.999427 -0.876195
5.409230 1.227950 -0.878536
7.240610 1.641040 -0.911583
3.129150 0.701744 -0.859279
3.626320 0.812573 -0.857963
4.398900 0.984079 -0.876195
5.415200 1.210440 -0.878849
7.203390 1.607510 -0.906220
3.131460 0.691362 -0.859279
3.619620 0.797813 -0.855714
4.402140 0.969485 -0.876195
5.409750 1.189410 -0.877285
7.193440 1.578950 -0.904271
3.137630 0.681246 -0.860315
3.630000 0.786825 -0.857513
4.405500 0.954112 -0.876195
5.423520 1.172610 -0.878849
7.195030 1.552990 -0.903783
3.122990 0.666662 -0.855656
3.649880 0.777804 -0.861563
4.408800 0.938731 -0.876195
5.435310 1.155310 -0.880100
7.192370 1.527480 -0.902808
3.130850 0.657493 -0.857209
3.639090 0.762896 -0.858413
4.411890 0.924104 -0.876195
5.446840 1.138900 -0.881352
7.209060 1.506050 -0.904271
3.140580 0.648670 -0.859279
3.632060 0.748858 -0.856164
4.414930 0.909470 -0.876195
5.446720 1.120030 -0.880726
7.229830 1.484070 -0.906220
3.152300 0.639624 -0.861867
3.625100 0.734241 -0.853914
4.418080 0.894052 -0.876195
5.446720 1.100230 -0.880100
7.215500 1.454900 -0.903783
3.135560 0.624841 -0.856691
3.646750 0.725384 -0.858413
4.421170 0.878625 -0.876195
5.454410 1.081980 -0.880726
7.193280 1.424310 -0.900371
3.118770 0.610182 -0.851515
3.635870 0.710036 -0.855264
4.424210 0.863186 -0.876195
5.454270 1.062180 -0.880100
7.217690 1.402980 -0.902808
3.122770 0.599655 -0.852032
3.647900 0.699175 -0.857513
4.427200 0.847736 -0.876195
5.450180 1.041650 -0.878849
7.261540 1.385220 -0.907683
3.140040 0.591613 -0.856173
3.627340 0.682115 -0.852115
4.430130 0.832278 -0.876195
5.434370 1.018980 -0.875720
7.227310 1.352560 -0.902808
3.136380 0.579596 -0.854621
3.633530 0.670156 -0.853014
4.433010 0.816810 -0.876195
5.434010 0.999290 -0.875095
7.192940 1.320150 -0.897933
3.147890 0.570368 -0.857209
3.649270 0.659895 -0.856164
4.435830 0.801332 -0.876195
5.460790 0.984520 -0.878849
7.205320 1.296440 -0.898908
3.140250 0.558234 -0.854621
3.647600 0.647108 -0.855264
4.438470 0.786617 -0.876195
5.471810 0.967781 -0.880100
7.213490 1.273230 -0.899396
3.153600 0.549257 -0.857726
3.638320 0.632372 -0.852565
4.441180 0.771117 -0.876195
5.455690 0.945306 -0.876972
7.229620 1.250070 -0.900858
10.776600 1.861450 -0.956796
3.153600 0.537920 -0.857209
3.657790 0.622610 -0.856614
4.443850 0.755609 -0.876195
5.447270 0.924272 -0.875095
7.222200 1.222840 -0.899396
10.814500 1.829140 -0.959585
3.153550 0.526593 -0.856691
3.650330 0.608238 -0.854364
4.446460 0.740095 -0.876195
5.468000 0.908163 -0.877910
7.218590 1.196320 -0.898421
10.793300 1.786820 -0.957144
3.151560 0.514958 -0.855656
3.644740 0.594237 -0.852565
5.488690 0.891924 -0.880726
7.230560 1.172390 -0.899396
10.799500 1.749140 -0.957144
3.143800 0.502430 -0.853068
3.673730 0.585806 -0.858863
4.451520 0.709035 -0.876195
5.462500 0.868107 -0.876033
7.246370 1.149010 -0.900858
10.785800 1.708310 -0.955401
3.143620 0.491154 -0.852550
3.669980 0.572080 -0.857513
4.453970 0.693491 -0.876195
5.455740 0.847519 -0.874469
7.262110 1.125530 -0.902321
10.783900 1.669430 -0.954704
3.147230 0.480468 -0.853068
3.652590 0.556969 -0.853014
4.456360 0.677938 -0.876195
5.454620 0.828830 -0.873843
7.250100 1.099060 -0.900371
10.777800 1.629990 -0.953658
3.169820 0.473169 -0.858762
3.650660 0.543640 -0.852115
4.458580 0.663160 -0.876195
5.475060 0.812393 -0.876659
7.234250 1.070840 -0.897933
10.795000 1.595990 -0.954704
3.150430 0.459036 -0.853068
3.667960 0.533137 -0.855714
4.460870 0.647591 -0.876195
5.479820 0.793561 -0.876972
7.222230 1.043310 -0.895983
10.796500 1.557730 -0.954355
3.159660 0.449123 -0.855138
3.667870 0.520056 -0.855264
4.463100 0.632015 -0.876195
5.455170 0.770558 -0.872591
7.233690 1.019210 -0.896958
10.762500 1.514480 -0.950869
3.149730 0.436501 -0.852032
3.646500 0.504048 -0.849865
4.465280 0.616433 -0.876195
5.469570 0.753129 -0.874469
7.221470 0.991788 -0.895009
10.751900 1.474740 -0.949475
3.162720 0.427054 -0.855138
3.663690 0.493398 -0.853464
4.467410 0.600841 -0.876195
5.487830 0.736135 -0.876972
7.217020 0.965520 -0.894034
10.772800 1.439310 -0.950869
3.173770 0.417272 -0.857726
3.659590 0.479845 -0.852115
4.469480 0.585246 -0.876195
5.494280 0.717484 -0.877597
7.220350 0.940323 -0.894034
10.754000 1.398610 -0.948777
3.171370 0.405700 -0.856691
3.672840 0.468548 -0.854814
4.471490 0.569640 -0.876195
5.500670 0.698800 -0.878223
7.215710 0.914114 -0.893059
10.750900 1.360070 -0.948080
3.153600 0.392242 -0.851515
3.676390 0.455964 -0.855264
4.473450 0.554027 -0.876195
5.479550 0.676688 -0.874469
7.203090 0.886985 -0.891109
10.727900 1.319120 -0.945640
3.160700 0.381928 -0.853068
3.660540 0.441029 -0.851215
5.481880 0.657555 -0.874469
7.210090 0.862305 -0.891596
10.736400 1.282140 -0.945988
3.167770 0.371567 -0.854621
3.661990 0.428888 -0.851215
4.477210 0.522783 -0.876195
5.472260 0.638002 -0.872591
7.181360 0.834722 -0.887696
10.717100 1.241910 -0.943897
3.176660 0.361935 -0.856691
3.669270 0.416764 -0.852565
4.478920 0.507934 -0.876195
5.470530 0.618454 -0.871966
7.180280 0.809203 -0.887209
10.737000 1.208140 -0.945291
3.174070 0.350421 -0.855656
3.668770 0.403739 -0.852115
4.480670 0.492298 -0.876195
5.472650 0.599353 -0.871966
7.159380 0.781554 -0.884284
10.709400 1.167200 -0.942502
3.163740 0.338107 -0.852550
3.675970 0.391550 -0.853464
4.482360 0.476653 -0.876195
5.490430 0.581913 -0.874469
7.189700 0.759476 -0.887696
10.701600 1.128560 -0.941456
3.170670 0.327656 -0.854103
3.659860 0.376920 -0.849415
4.484000 0.461002 -0.876195
5.470810 0.560530 -0.871027
7.192310 0.734376 -0.887696
10.717300 1.092400 -0.942502
3.166030 0.316012 -0.852550
3.668910 0.364913 -0.851215
4.485580 0.445349 -0.876195
5.490420 0.543179 -0.873843
7.182980 0.708095 -0.886234
10.717100 1.054600 -0.942154
3.174800 0.305700 -0.854621
3.675980 0.352663 -0.852565
4.487110 0.429687 -0.876195
5.486390 0.523449 -0.872904
7.169600 0.681513 -0.884284
10.689000 1.014170 -0.939365
3.166230 0.293724 -0.852032
3.653910 0.337676 -0.847166
5.492120 0.504655 -0.873530
7.160070 0.655398 -0.882822
10.700400 0.977579 -0.940062
3.157620 0.281810 -0.849444
3.672530 0.326474 -0.851215
5.511550 0.487047 -0.876346
7.174180 0.631443 -0.884284
10.703700 0.940224 -0.940062
3.170130 0.271776 -0.852550
3.677530 0.313983 -0.852115
4.491360 0.382676 -0.876195
5.481730 0.465131 -0.871340
7.164370 0.606646 -0.882822
10.707000 0.902852 -0.940062
3.178720 0.261898 -0.854621
3.664960 0.300671 -0.848965
4.492600 0.367783 -0.876195
5.483240 0.446951 -0.871340
7.186120 0.584492 -0.885259
10.701900 0.866701 -0.939365
3.171860 0.250746 -0.852550
3.663990 0.288362 -0.848515
5.488630 0.429072 -0.871966
7.144580 0.556020 -0.879897
10.692800 0.830278 -0.938319
3.172720 0.239672 -0.852550
3.668860 0.275865 -0.849415
4.495000 0.337192 -0.876195
5.490090 0.409915 -0.871966
7.164290 0.532400 -0.882090
10.683800 0.792067 -0.937273
3.158120 0.227484 -0.848409
3.677580 0.263613 -0.851215
4.496150 0.321499 -0.876195
5.493460 0.390887 -0.872279
7.179970 0.508372 -0.883797
10.650700 0.752244 -0.934135
3.164680 0.216858 -0.849962
3.686260 0.251304 -0.853014
5.492820 0.371574 -0.871966
7.157930 0.481704 -0.880872
10.659200 0.715459 -0.934658
3.173130 0.206310 -0.852032
3.663770 0.236926 -0.847616
4.498290 0.290104 -0.876195
5.482260 0.351641 -0.870089
7.167500 0.457219 -0.881847
10.665600 0.678503 -0.935007
3.175760 0.195352 -0.852550
3.674260 0.225371 -0.849865
4.499270 0.274401 -0.876195
5.499170 0.334417 -0.872591
7.180860 0.434172 -0.883309
10.646000 0.639951 -0.933089
3.159030 0.183809 -0.847891
3.663360 0.211870 -0.847166
5.476630 0.313864 -0.868837
7.150620 0.407295 -0.879409
10.620300 0.603064 -0.930649
3.165440 0.173096 -0.849444
3.681590 0.200033 -0.851215
4.501040 0.243767 -0.876195
5.473750 0.294534 -0.868211
7.159930 0.382755 -0.880384
10.598400 0.564719 -0.928557
3.164100 0.161949 -0.848927
3.682260 0.187180 -0.851215
4.501900 0.227269 -0.876195
5.474750 0.275424 -0.868211
7.141400 0.356770 -0.877947
10.608400 0.526262 -0.929255
3.176250 0.150899 -0.852032
3.682920 0.173683 -0.851215
4.502700 0.210768 -0.876195
5.440200 0.253701 -0.862580
7.162490 0.331509 -0.880384
10.606300 0.487192 -0.928906
3.180640 0.139426 -0.853068
3.689380 0.160438 -0.852565
5.433200 0.233422 -0.861328
7.143820 0.304412 -0.877947
10.627800 0.451018 -0.930649
3.165660 0.127699 -0.848927
3.693780 0.148359 -0.853464
4.504060 0.179326 -0.876195
5.447760 0.215949 -0.863518
7.144790 0.280718 -0.877947
10.609400 0.413139 -0.928906
3.169930 0.117344 -0.849962
3.690380 0.135320 -0.852565
4.504630 0.164390 -0.876195
5.454400 0.197144 -0.864457
7.145730 0.255782 -0.877947
10.602700 0.377668 -0.928209
3.172250 0.106344 -0.850479
3.679150 0.122049 -0.849865
5.423470 0.177071 -0.859451
7.166420 0.231476 -0.880384
10.608000 0.340780 -0.928557
3.159090 0.094863 -0.846856
3.673710 0.109035 -0.848515
5.414180 0.157854 -0.857887
7.139370 0.206903 -0.876972
10.609100 0.303757 -0.928557
3.172900 0.084748 -0.850479
3.681840 0.097056 -0.850315
5.438370 0.140510 -0.861641
7.140010 0.183228 -0.876972
10.626000 0.268975 -0.929952
3.175100 0.074270 -0.850997
3.678250 0.084757 -0.849415
5.464480 0.123054 -0.865708
7.148550 0.158481 -0.877947
10.626800 0.233738 -0.929952
3.163750 0.062957 -0.847891
3.674620 0.071840 -0.848515
4.506790 0.087322 -0.876195
5.431300 0.103339 -0.860390
7.168900 0.133896 -0.880384
10.635500 0.196787 -0.930649
3.160080 0.051850 -0.846856
3.653420 0.058669 -0.843566
5.443480 0.084565 -0.862267
7.161390 0.108749 -0.879409
10.656100 0.159962 -0.932392
3.173770 0.040994 -0.850479
3.657500 0.045964 -0.844466
4.507290 0.055859 -0.876195
5.420040 0.065276 -0.858512
7.153780 0.083659 -0.878434
10.652600 0.122715 -0.932043
3.166160 0.029842 -0.848409
3.655690 0.033180 -0.844016
5.436040 0.046492 -0.861015
7.142120 0.058587 -0.876972
10.672900 0.083830 -0.933787
3.175910 0.018294 -0.850997
3.655780 0.020418 -0.844016
5.459880 0.026682 -0.864770
7.162130 0.033755 -0.879409
10.673100 0.046571 -0.933787
3.154710 0.007158 -0.845303
3.665570 0.007038 -0.846266
5.430310 0.007583 -0.860077
7.142360 0.007478 -0.876972
10.685200 0.009327 -0.934833
3.148920 -0.003847 -0.843750
3.648040 -0.005094 -0.842217
4.507620 -0.007867 -0.876195
5.448080 -0.010460 -0.862893
7.150280 -0.016223 -0.877947
10.685100 -0.027974 -0.934833
3.166270 -0.014368 -0.848409
3.659690 -0.017885 -0.844916
4.507570 -0.022815 -0.876195
5.424300 -0.029349 -0.859138
7.154150 -0.041205 -0.878434
10.693000 -0.063454 -0.935530
3.177790 -0.025514 -0.851515
3.659610 -0.030659 -0.844916
4.507470 -0.038549 -0.876195
5.436020 -0.048388 -0.861015
7.161910 -0.066251 -0.879409
10.712600 -0.100967 -0.937273
3.162230 -0.036428 -0.847374
3.659480 -0.043434 -0.844916
4.409150 -0.053101 -0.857114
5.453600 -0.067584 -0.863831
7.137810 -0.090947 -0.876484
10.708200 -0.138309 -0.936924
3.160150 -0.047437 -0.846856
3.669050 -0.055717 -0.847166
4.507090 -0.070016 -0.876195
5.441490 -0.085482 -0.861954
7.181140 -0.115318 -0.881847
10.707700 -0.175687 -0.936924
3.152250 -0.057774 -0.844785
3.676630 -0.068669 -0.848965
4.506830 -0.084962 -0.876195
5.435240 -0.104362 -0.861015
7.168780 -0.140151 -0.880384
10.707000 -0.211193 -0.936924
3.167480 -0.069115 -0.848927
3.660780 -0.081157 -0.845366
4.506510 -0.100693 -0.876195
5.426940 -0.123154 -0.859764
7.164280 -0.165082 -0.879897
10.734100 -0.249214 -0.939365
3.169150 -0.080220 -0.849444
3.662430 -0.093985 -0.845816
4.506130 -0.116423 -0.876195
5.442270 -0.142511 -0.862267
7.139850 -0.189458 -0.876972
10.725200 -0.286469 -0.938667
3.170790 -0.091337 -0.849962
3.665970 -0.106882 -0.846716
5.429900 -0.161156 -0.860390
7.143110 -0.214498 -0.877459
10.728100 -0.324025 -0.939016
3.149210 -0.101719 -0.844268
3.677260 -0.120060 -0.849415
4.505210 -0.147879 -0.876195
5.437200 -0.180370 -0.861641
7.158190 -0.239963 -0.879409
10.738900 -0.361874 -0.940062
3.160420 -0.113126 -0.847374
3.670980 -0.132684 -0.848065
4.504660 -0.163604 -0.876195
5.440480 -0.199493 -0.862267
7.185080 -0.265977 -0.882822
10.737500 -0.399357 -0.940062
3.169650 -0.124536 -0.849962
3.672440 -0.145574 -0.848515
4.504060 -0.179327 -0.876195
5.443700 -0.218642 -0.862893
7.168290 -0.289162 -0.880872
10.740100 -0.436998 -0.940410
3.165360 -0.134882 -0.848927
3.673880 -0.157836 -0.848965
4.405370 -0.190032 -0.857114
5.450840 -0.237036 -0.864144
7.143500 -0.311892 -0.877947
10.746500 -0.472961 -0.941108
3.153320 -0.144846 -0.845821
3.669450 -0.169838 -0.848065
4.404720 -0.204639 -0.857114
5.442130 -0.254740 -0.862893
7.182020 -0.338696 -0.882822
10.752800 -0.510849 -0.941805
3.158560 -0.156690 -0.847374
3.674670 -0.182936 -0.849415
4.501980 -0.225697 -0.876195
5.464830 -0.275880 -0.866647
7.153040 -0.362357 -0.879409
10.758900 -0.548786 -0.942502
3.161850 -0.167919 -0.848409
3.675920 -0.196507 -0.849865
4.501160 -0.241411 -0.876195
5.426360 -0.292931 -0.860703
7.191310 -0.390726 -0.884284
10.741000 -0.585470 -0.941108
3.159310 -0.178846 -0.847891
3.651870 -0.208007 -0.844466
4.500290 -0.257121 -0.876195
5.437140 -0.312551 -0.862580
7.170080 -0.414680 -0.881847
10.758700 -0.624114 -0.942851
3.164460 -0.190220 -0.849444
3.649170 -0.220636 -0.844016
4.499370 -0.272829 -0.876195
5.437990 -0.331649 -0.862893
7.168590 -0.439706 -0.881847
10.768400 -0.662399 -0.943897
3.150280 -0.200407 -0.845821
3.660090 -0.233480 -0.846716
5.462480 -0.351328 -0.866960
7.178980 -0.464244 -0.883309
10.770000 -0.700242 -0.944245
3.147670 -0.210723 -0.845303
3.668970 -0.246909 -0.848965
4.497410 -0.303448 -0.876195
5.463190 -0.370527 -0.867273
7.173360 -0.489030 -0.882822
10.767700 -0.735953 -0.944245
3.152690 -0.222117 -0.846856
3.675910 -0.259624 -0.850765
4.496320 -0.319145 -0.876195
5.434350 -0.386679 -0.862893
7.187530 -0.513948 -0.884771
10.753100 -0.772678 -0.943199
3.157680 -0.233548 -0.848409
3.653560 -0.271506 -0.845816
5.442750 -0.407331 -0.864457
7.181640 -0.539990 -0.884284
10.790100 -0.813203 -0.946686
3.158770 -0.244718 -0.848927
3.652640 -0.283620 -0.845816
4.493980 -0.350527 -0.876195
5.455150 -0.426456 -0.866647
7.171900 -0.563181 -0.883309
10.795100 -0.851489 -0.947383
3.156020 -0.255036 -0.848409
3.655510 -0.296684 -0.846716
5.461500 -0.446138 -0.867899
7.185710 -0.589511 -0.885259
10.788300 -0.886956 -0.947034
3.147410 -0.265402 -0.846338
3.671980 -0.310281 -0.850765
4.491490 -0.381109 -0.876195
5.452120 -0.463578 -0.866647
7.199540 -0.614687 -0.887209
10.793000 -0.925289 -0.947732
3.156130 -0.276681 -0.848927
3.653410 -0.321559 -0.846716
5.442600 -0.481909 -0.865396
7.153850 -0.635947 -0.881847
10.793700 -0.963312 -0.948080
3.158940 -0.288598 -0.849962
3.650320 -0.334132 -0.846266
4.488720 -0.412456 -0.876195
5.468330 -0.504394 -0.869776
7.199030 -0.665299 -0.887696
10.782300 -1.000250 -0.947383
3.155990 -0.299441 -0.849444
3.654890 -0.348063 -0.847616
4.487260 -0.428122 -0.876195
5.458670 -0.522726 -0.868524
7.200500 -0.692060 -0.888184
10.778800 -1.037880 -0.947383
3.154930 -0.310456 -0.849444
3.661410 -0.361585 -0.849415
4.485730 -0.443782 -0.876195
5.468610 -0.542948 -0.870401
7.205940 -0.717978 -0.889159
10.791000 -1.077080 -0.948777
3.140370 -0.320095 -0.845821
3.669820 -0.375355 -0.851665
4.484160 -0.459438 -0.876195
5.456860 -0.561024 -0.868837
7.191540 -0.741905 -0.887696
10.775200 -1.113510 -0.947732
3.154610 -0.332676 -0.849962
3.658860 -0.386499 -0.849415
4.482530 -0.475088 -0.876195
5.464790 -0.580159 -0.870401
7.204830 -0.767431 -0.889646
10.795100 -1.153660 -0.949823
3.149650 -0.342717 -0.848927
3.645870 -0.398000 -0.846716
4.480930 -0.489950 -0.876195
5.466660 -0.599662 -0.871027
7.213950 -0.793878 -0.891109
10.799100 -1.190320 -0.950520
3.146510 -0.353494 -0.848409
3.654140 -0.411815 -0.848965
4.479190 -0.505588 -0.876195
5.456680 -0.617852 -0.869776
7.195350 -0.817263 -0.889159
10.806800 -1.229360 -0.951566
3.143340 -0.364253 -0.847891
3.656550 -0.425018 -0.849865
5.466260 -0.638270 -0.871653
7.212170 -0.844683 -0.891596
10.794500 -1.266150 -0.950869
3.136290 -0.374536 -0.846338
3.660850 -0.438474 -0.851215
4.475550 -0.536846 -0.876195
5.460080 -0.656875 -0.871027
7.181590 -0.866524 -0.888184
10.786000 -1.303340 -0.950520
3.136880 -0.385717 -0.846856
3.667030 -0.452204 -0.853014
4.473650 -0.552465 -0.876195
5.465590 -0.676901 -0.872279
7.217920 -0.896481 -0.893059
10.793300 -1.342460 -0.951566
3.139350 -0.397149 -0.847891
3.655770 -0.463776 -0.850765
4.471690 -0.568078 -0.876195
5.455360 -0.694977 -0.871027
7.183240 -0.917646 -0.889159
10.780600 -1.379120 -0.950869
3.145610 -0.409102 -0.849962
3.642530 -0.475022 -0.848065
4.469680 -0.583684 -0.876195
5.456820 -0.714528 -0.871653
7.183930 -0.943231 -0.889646
10.795500 -1.419340 -0.952612
3.144160 -0.420079 -0.849962
3.650590 -0.488390 -0.850315
4.467620 -0.599282 -0.876195
5.474000 -0.735250 -0.874782
7.227980 -0.973407 -0.895496
10.806300 -1.459150 -0.954007
3.123610 -0.427882 -0.844785
3.656590 -0.502191 -0.852115
4.465610 -0.614094 -0.876195
5.455740 -0.752195 -0.872279
7.204870 -0.995914 -0.893059
10.781600 -1.492240 -0.952264
3.137400 -0.440933 -0.848927
3.645170 -0.513592 -0.849865
4.463430 -0.629678 -0.876195
5.453080 -0.771234 -0.872279
7.209210 -1.022170 -0.894034
10.776400 -1.529870 -0.952264
3.143490 -0.452984 -0.850997
3.641420 -0.526035 -0.849415
4.461210 -0.645255 -0.876195
5.424940 -0.786579 -0.868211
7.213460 -1.048470 -0.895009
10.778900 -1.568620 -0.952961
3.151450 -0.465365 -0.853585
3.635710 -0.538172 -0.848515
4.458930 -0.660823 -0.876195
5.459290 -0.811026 -0.874156
7.194050 -1.071310 -0.893059
10.773300 -1.606240 -0.952961
3.134520 -0.474052 -0.849444
3.649220 -0.553196 -0.852115
4.456600 -0.676384 -0.876195
5.472050 -0.832455 -0.876659
7.213810 -1.100000 -0.895983
10.779500 -1.645640 -0.954007
3.129030 -0.484400 -0.848409
3.633790 -0.563839 -0.848965
4.454210 -0.691936 -0.876195
5.418360 -0.843649 -0.868524
7.202090 -1.123950 -0.895009
10.785500 -1.685100 -0.955053
3.129400 -0.494529 -0.848927
3.635850 -0.575862 -0.849865
4.452010 -0.705926 -0.876195
5.386420 -0.856016 -0.863831
7.233810 -1.152190 -0.899396
10.744400 -1.715200 -0.951915
3.133290 -0.506921 -0.850479
3.612660 -0.585123 -0.844916
5.463190 -0.888757 -0.876659
7.194470 -1.171690 -0.895009
10.773700 -1.758480 -0.955053
3.129600 -0.517540 -0.849962
3.639330 -0.603139 -0.851665
4.446850 -0.737766 -0.876195
5.473690 -0.910090 -0.878849
7.217540 -1.202620 -0.898421
10.747900 -1.792790 -0.953310
3.137300 -0.530071 -0.852550
3.629620 -0.613904 -0.849865
4.444240 -0.753283 -0.876195
5.453110 -0.925262 -0.876033
7.197860 -1.223890 -0.896471
10.761200 -1.833650 -0.955053
3.114580 -0.536862 -0.846856
3.638980 -0.628560 -0.852565
4.441720 -0.768017 -0.876195
5.453740 -0.944966 -0.876659
7.205280 -1.251040 -0.897933
10.735400 -1.865910 -0.953310
11.353300 -1.977380 -0.603957
3.120300 -0.549069 -0.848927
3.625360 -0.638596 -0.849865
4.439010 -0.783517 -0.876195
5.448640 -0.962703 -0.876346
7.220640 -1.278390 -0.900371
10.736700 -1.904760 -0.954007
3.120360 -0.559755 -0.849444
3.626940 -0.651936 -0.850765
4.436250 -0.799007 -0.876195
5.451070 -0.982767 -0.877285
7.204410 -1.301470 -0.898908
10.730000 -1.942230 -0.954007
10.985500 -1.992430 -0.585116
3.127790 -0.572928 -0.852032
3.626440 -0.665577 -0.851215
4.433290 -0.815261 -0.876195
5.459090 -1.004890 -0.879162
7.203500 -1.328590 -0.899396
10.722800 -1.981550 -0.954007
10.840600 -2.007230 -0.577789
3.125670 -0.584388 -0.852032
3.629730 -0.679941 -0.852565
5.459250 -1.025620 -0.879788
7.179070 -1.351310 -0.896958
10.743200 -2.024130 -0.956447
3.108430 -0.592402 -0.847891
3.638940 -0.694164 -0.855264
4.427490 -0.846192 -0.876195
5.440300 -1.040750 -0.877285
7.197940 -1.379590 -0.899883
10.728300 -2.060110 -0.955750
3.110240 -0.603442 -0.848927
3.625010 -0.704631 -0.852565
4.424660 -0.860869 -0.876195
5.432760 -1.058970 -0.876659
7.200880 -1.406230 -0.900858
10.709600 -2.093380 -0.954704
3.113800 -0.615419 -0.850479
3.614890 -0.715767 -0.850765
4.421630 -0.876309 -0.876195
5.432900 -1.078700 -0.877285
7.184240 -1.429030 -0.899396
10.714000 -2.133090 -0.955750
3.121100 -0.628191 -0.853068
3.614280 -0.728766 -0.851215
4.418550 -0.891738 -0.876195
5.440720 -1.100010 -0.879162
7.206700 -1.458360 -0.902808
10.706500 -2.170480 -0.955750
3.113320 -0.637375 -0.851515
3.621380 -0.742705 -0.853464
4.415560 -0.906385 -0.876195
5.429310 -1.116450 -0.877910
7.190160 -1.479850 -0.901346
10.687500 -2.203550 -0.954704
3.101740 -0.645727 -0.848927
3.624620 -0.755903 -0.854814
4.412530 -0.921023 -0.876195
5.412040 -1.131620 -0.875720
7.181070 -1.504130 -0.900858
10.687600 -2.242480 -0.955401
3.095570 -0.656289 -0.847891
3.612430 -0.766528 -0.852565
4.409130 -0.937189 -0.876195
5.413650 -1.152680 -0.876659
7.210720 -1.536630 -0.905246
10.687500 -2.281440 -0.956098
3.108370 -0.670349 -0.852032
3.609600 -0.779764 -0.852565
4.405830 -0.952574 -0.876195
5.440480 -1.178260 -0.881665
7.170120 -1.555480 -0.900858
10.671600 -2.317040 -0.955401
3.113550 -0.682851 -0.854103
3.606850 -0.792359 -0.852565
4.402480 -0.967948 -0.876195
5.422830 -1.194270 -0.879475
7.199540 -1.588190 -0.905246
10.675200 -2.356860 -0.956447
3.094180 -0.689931 -0.849444
3.604070 -0.804944 -0.852565
4.399070 -0.983309 -0.876195
5.428270 -1.215350 -0.881039
7.162960 -1.606360 -0.901346
10.647400 -2.389740 -0.954704
3.087990 -0.699873 -0.848409
3.605180 -0.817753 -0.853464
4.395610 -0.998659 -0.876195
5.424210 -1.233350 -0.881039
7.161470 -1.630990 -0.901833
10.635100 -2.426010 -0.954355
3.091300 -0.711409 -0.849962
3.594710 -0.828582 -0.851665
4.392280 -1.013230 -0.876195
5.421800 -1.252720 -0.881352
7.175070 -1.660450 -0.904271
10.634800 -2.463060 -0.955053
3.096320 -0.723955 -0.852032
3.593690 -0.841569 -0.852115
4.388710 -1.028560 -0.876195
5.427010 -1.273890 -0.882916
7.153770 -1.681850 -0.902321
10.622300 -2.499250 -0.954704
3.106930 -0.737884 -0.855656
3.596420 -0.855461 -0.853464
4.385100 -1.043870 -0.876195
5.399470 -1.287330 -0.879162
7.178750 -1.714190 -0.906220
10.625100 -2.539100 -0.955750
3.096820 -0.746912 -0.853585
3.580150 -0.864807 -0.850315
4.381430 -1.059170 -0.876195
5.412220 -1.310350 -0.881978
7.165000 -1.737370 -0.905246
10.616200 -2.576170 -0.955750
8.861530 -2.153660 -0.477932
3.090580 -0.756259 -0.852550
3.584830 -0.878530 -0.852115
12.544500 -3.076590 0.676913
4.377890 -1.073690 -0.876195
5.407850 -1.328290 -0.881978
7.159200 -1.761120 -0.905246
8.908640 -2.196420 -0.480863
3.086040 -0.766577 -0.852032
3.587420 -0.892449 -0.853464
12.473600 -3.105400 0.673669
4.374120 -1.088970 -0.876195
5.397430 -1.345730 -0.881039
7.168420 -1.789950 -0.907195
8.678970 -2.168740 -0.782659
8.664540 -2.168350 -0.468093
3.090840 -0.779234 -0.854103
3.588060 -0.905920 -0.854364
12.458800 -3.147940 0.673459
4.370290 -1.104230 -0.876195
5.404190 -1.367470 -0.882916
7.139040 -1.809110 -0.904271
8.574780 -2.174530 -0.773943
8.656920 -2.198580 -0.468093
3.086230 -0.789539 -0.853585
3.567890 -0.914086 -0.850315
12.500000 -3.204800 0.676285
4.366410 -1.119480 -0.876195
5.395550 -1.385340 -0.882290
7.132680 -1.834010 -0.904271
8.464870 -2.178130 -0.764704
8.517680 -2.194890 -0.460975
3.075980 -0.798366 -0.851515
3.577880 -0.929967 -0.853464
4.362470 -1.134710 -0.876195
5.409800 -1.409150 -0.885419
7.103180 -1.852890 -0.901346
8.520830 -2.224280 -0.770457
3.071300 -0.808607 -0.850997
3.567070 -0.940463 -0.851665
4.358490 -1.149930 -0.876195
5.397210 -1.426000 -0.884168
7.169600 -1.896970 -0.910608
3.066600 -0.818824 -0.850479
3.571300 -0.954922 -0.853464
4.354440 -1.165140 -0.876195
5.390290 -1.444320 -0.883855
7.147930 -1.916620 -0.908658
3.076920 -0.832521 -0.854103
3.562470 -0.965231 -0.852115
4.350560 -1.179570 -0.876195
5.374030 -1.459090 -0.881978
7.133870 -1.938230 -0.907683
3.079730 -0.844252 -0.855656
3.555490 -0.976007 -0.851215
4.346620 -1.193990 -0.876195
5.365360 -1.475850 -0.881352
7.115580 -1.959960 -0.906220
8.336100 -2.297710 -0.756512
3.074900 -0.854480 -0.855138
3.565200 -0.992069 -0.854364
4.342430 -1.209160 -0.876195
5.390620 -1.503060 -0.886358
7.085750 -1.978380 -0.903296
8.328030 -2.326800 -0.756512
3.055160 -0.860494 -0.850479
3.571090 -1.007150 -0.856614
4.338180 -1.224310 -0.876195
5.372030 -1.518110 -0.884168
7.124640 -2.016070 -0.909145
8.319860 -2.355850 -0.756512
3.067000 -0.875395 -0.854621
3.562110 -1.017380 -0.855264
4.333880 -1.239450 -0.876195
5.365070 -1.535370 -0.883855
7.129370 -2.042970 -0.910608
8.046770 -2.313450 -0.146146
3.062230 -0.885025 -0.854103
3.547310 -1.026560 -0.852565
4.329750 -1.253810 -0.876195
5.374850 -1.558490 -0.886358
7.126000 -2.068950 -0.911095
8.494960 -2.468010 -0.773943
8.032880 -2.339850 -0.146042
3.068390 -0.898423 -0.856691
3.564280 -1.044970 -0.857513
4.325340 -1.268920 -0.876195
5.363690 -1.575570 -0.885419
7.080650 -2.082610 -0.906220
8.486290 -2.497650 -0.773943
8.009320 -2.363350 -0.145763
3.052270 -0.905283 -0.853068
3.538190 -1.050750 -0.852115
4.320890 -1.284010 -0.876195
5.358160 -1.594280 -0.885419
7.092360 -2.112980 -0.908658
8.439330 -2.515870 -0.770457
7.993360 -2.389000 -0.145623
3.049090 -0.915932 -0.853068
3.566220 -1.072630 -0.859763
4.316380 -1.299080 -0.876195
5.358240 -1.614690 -0.886358
7.084940 -2.137720 -0.908658
8.392350 -2.533800 -0.766971
7.990710 -2.418630 -0.145728
3.049570 -0.927694 -0.854103
3.541950 -1.078830 -0.854814
4.311820 -1.314140 -0.876195
5.348790 -1.632230 -0.885732
7.088830 -2.165920 -0.910120
8.406320 -2.570070 -0.769062
7.967620 -2.438990 -0.436691
7.976490 -2.444750 -0.145623
3.048160 -0.938902 -0.854621
3.534440 -1.090040 -0.853914
4.307200 -1.329180 -0.876195
5.350610 -1.653220 -0.886984
7.085020 -2.191820 -0.910608
10.365300 -3.208600 -0.949300
7.894200 -2.446680 -0.433132
7.985090 -2.477910 -0.145937
3.044870 -0.949536 -0.854621
3.543630 -1.106430 -0.857064
4.302540 -1.344210 -0.876195
5.339150 -1.670120 -0.886045
7.100060 -2.223660 -0.913533
10.397800 -3.258460 -0.953310
7.881800 -2.473030 -0.432923
7.961130 -2.500970 -0.145658
3.043380 -0.960741 -0.855138
3.537890 -1.118210 -0.856614
4.297820 -1.359220 -0.876195
5.321990 -1.685170 -0.884168
7.080900 -2.244830 -0.912070
10.409100 -3.301970 -0.955401
7.846470 -2.492060 -0.431458
7.948540 -2.527540 -0.145588
3.038160 -0.970770 -0.854621
3.541390 -1.132930 -0.858413
4.293050 -1.374220 -0.876195
5.333000 -1.709160 -0.886984
7.095700 -2.276810 -0.914995
10.397500 -3.338280 -0.955401
7.860540 -2.526770 -0.432714
7.939670 -2.555270 -0.145588
3.038430 -0.982558 -0.855656
3.517020 -1.138680 -0.853464
4.288230 -1.389190 -0.876195
5.323250 -1.726550 -0.886358
7.080160 -2.299120 -0.914020
10.385800 -3.374550 -0.955401
7.859260 -2.556660 -0.433132
7.938310 -2.585440 -0.145728
3.033150 -0.992557 -0.855138
3.511170 -1.150340 -0.853014
4.331860 -1.420050 -0.886117
5.313430 -1.743890 -0.885732
7.075860 -2.325060 -0.914508
10.385300 -3.414520 -0.956447
7.804760 -2.569090 -0.430620
7.957720 -2.622520 -0.146251
3.035170 -1.004960 -0.856691
3.523790 -1.168110 -0.857064
4.278420 -1.419100 -0.876195
5.309190 -1.763050 -0.886045
7.056400 -2.345980 -0.913045
10.377100 -3.452010 -0.956796
7.852590 -2.615260 -0.433760
7.931450 -2.644590 -0.145937
3.028150 -1.013790 -0.855656
3.516200 -1.178550 -0.856164
4.273690 -1.433280 -0.876195
5.320170 -1.786300 -0.888861
7.037290 -2.365580 -0.911583
10.358100 -3.483860 -0.956098
7.859020 -2.646380 -0.434598
7.992750 -2.694520 -0.147229
3.024600 -1.024360 -0.855656
3.519440 -1.193320 -0.857963
4.268670 -1.448190 -0.876195
5.302680 -1.801050 -0.886984
7.047790 -2.396520 -0.914020
10.353400 -3.522560 -0.956796
7.887550 -2.686680 -0.436691
3.017350 -1.033660 -0.854621
3.504200 -1.201800 -0.855264
4.263580 -1.463080 -0.876195
5.281410 -1.814410 -0.884481
7.065660 -2.430140 -0.917432
10.352300 -3.562570 -0.957842
7.878120 -2.714190 -0.436691
3.013720 -1.044180 -0.854621
3.496300 -1.212750 -0.854364
4.258450 -1.477950 -0.876195
5.282510 -1.835430 -0.885732
7.012130 -2.439140 -0.911583
10.317300 -3.590830 -0.955750
7.868600 -2.741680 -0.436691
3.013700 -1.055970 -0.855656
3.506750 -1.230110 -0.857963
8.395690 -2.946710 0.466313
4.253270 -1.492810 -0.876195
5.287250 -1.857790 -0.887609
7.011070 -2.466240 -0.912558
10.308400 -3.628140 -0.956098
7.858980 -2.769130 -0.436691
3.019100 -1.069710 -0.858244
3.496930 -1.240390 -0.856614
8.317590 -2.951950 0.462545
4.248030 -1.507640 -0.876195
5.303070 -1.884170 -0.891364
7.017380 -2.496020 -0.914508
10.301300 -3.666110 -0.956621
7.834220 -2.791180 -0.435854
2.984430 -1.069170 -0.849444
3.498080 -1.254560 -0.857963
8.344830 -2.994460 0.464639
4.242740 -1.522460 -0.876195
5.272300 -1.893990 -0.887296
7.001150 -2.517810 -0.913533
10.297800 -3.705420 -0.957493
3.002480 -1.087480 -0.855656
3.495510 -1.267430 -0.858413
8.326820 -3.020840 0.464220
4.237400 -1.537260 -0.876195
5.274940 -1.915750 -0.888861
6.999780 -2.544950 -0.914508
10.337300 -3.760410 -0.962374
2.995040 -1.096620 -0.854621
3.487410 -1.278280 -0.857513
8.334980 -3.056770 0.465267
4.279930 -1.569620 -0.886117
5.253380 -1.928710 -0.886358
6.979680 -2.565260 -0.913045
10.357700 -3.808850 -0.965511
3.005690 -1.112430 -0.858762
3.484750 -1.291120 -0.857963
8.305530 -3.078900 0.464220
4.226570 -1.566810 -0.876195
5.259580 -1.951840 -0.888548
6.963240 -2.586840 -0.912070
10.348100 -3.846370 -0.965860
7.835660 -2.915610 -0.438157
2.996360 -1.120890 -0.857209
3.485700 -1.305330 -0.859313
8.313980 -3.113430 0.465267
4.257840 -1.595330 -0.883827
5.261980 -1.973660 -0.890112
6.946730 -2.608340 -0.911095
10.297300 -3.868450 -0.962374
7.825440 -2.942950 -0.438157
2.979780 -1.126560 -0.853585
3.475880 -1.314810 -0.857963
8.329210 -3.152330 0.466732
4.215520 -1.596280 -0.876195
5.242480 -1.986200 -0.887922
6.952890 -2.636990 -0.913045
10.231600 -3.884570 -0.957493
7.849240 -2.981650 -0.440041
2.974220 -1.135740 -0.853068
3.480370 -1.330420 -0.860213
8.321890 -3.182810 0.466941
4.210210 -1.610250 -0.876195
5.252120 -2.010840 -0.890738
6.973300 -2.672610 -0.916945
10.159100 -3.895660 -0.951915
7.838790 -3.009030 -0.440041
2.986460 -1.152380 -0.857726
3.470250 -1.340450 -0.858863
8.318180 -3.214720 0.467360
4.252170 -1.643340 -0.886117
5.226640 -2.022040 -0.887609
6.952820 -2.692640 -0.915483
2.984220 -1.163500 -0.858244
3.463740 -1.351850 -0.858413
8.355280 -3.262630 0.470082
4.198860 -1.639600 -0.876195
5.215870 -2.038830 -0.886984
6.876830 -2.690850 -0.906708
2.980140 -1.173910 -0.858244
3.460810 -1.364650 -0.858863
4.193110 -1.654250 -0.876195
5.230770 -2.065730 -0.890738
6.911700 -2.732350 -0.912558
2.965250 -1.180020 -0.855138
3.457840 -1.377440 -0.859313
4.187310 -1.668870 -0.876195
5.230870 -2.086910 -0.891989
6.009330 -2.401130 -0.566164
2.962910 -1.191080 -0.855656
3.456620 -1.390960 -0.860213
4.181460 -1.683480 -0.876195
5.197900 -2.094810 -0.887609
5.995370 -2.419850 -0.565641
2.969470 -1.205780 -0.858762
3.439110 -1.397880 -0.857064
4.175560 -1.698070 -0.876195
5.208850 -2.120390 -0.890738
6.008090 -2.446970 -0.796538
5.977660 -2.437010 -0.564769
2.969030 -1.217080 -0.859797
3.439870 -1.411490 -0.858413
4.169910 -1.711900 -0.876195
5.201790 -2.137650 -0.890738
5.969550 -2.456810 -0.564769
2.964980 -1.226920 -0.859797
3.447770 -1.428110 -0.861563
4.164210 -1.725720 -0.876195
5.198330 -2.156410 -0.891364
5.807970 -2.411680 -0.772164
2.944640 -1.230560 -0.855138
3.435570 -1.437130 -0.859763
4.158160 -1.740250 -0.876195
5.190770 -2.174540 -0.891364
5.744590 -2.408910 -0.764852
5.748750 -2.411830 -0.545421
2.949220 -1.244590 -0.857726
3.434120 -1.450630 -0.860663
4.152060 -1.754750 -0.876195
5.172230 -2.188030 -0.889486
5.716040 -2.420430 -0.762171
5.721950 -2.424110 -0.543678
2.941300 -1.253360 -0.856691
3.421870 -1.459550 -0.858863
4.192860 -1.789270 -0.886117
5.153660 -2.201410 -0.887609
5.650970 -2.416180 -0.754615
5.751920 -2.460530 -0.547338
2.942240 -1.265910 -0.858244
3.423910 -1.474570 -0.860663
4.139710 -1.783700 -0.876195
5.164080 -2.227210 -0.890738
5.607530 -2.423110 -0.534439
2.944660 -1.279760 -0.860315
3.416960 -1.485740 -0.860213
4.133140 -1.798860 -0.876195
5.174000 -2.254010 -0.893867
5.583020 -2.433360 -0.747790
2.931330 -1.286150 -0.857726
3.423980 -1.503730 -0.863362
4.162790 -1.829070 -0.883827
5.155250 -2.267290 -0.891989
2.921530 -1.294030 -0.856173
3.400890 -1.507780 -0.858863
4.120480 -1.827670 -0.876195
5.132860 -2.278860 -0.889486
5.565460 -2.473250 -0.747790
2.931100 -1.310530 -0.860315
3.400950 -1.522030 -0.860213
4.114080 -1.842040 -0.876195
5.132080 -2.299990 -0.890738
5.557230 -2.491690 -0.747790
2.924980 -1.319450 -0.859797
3.401210 -1.535700 -0.861563
4.107950 -1.855670 -0.876195
5.142430 -2.325140 -0.893867
2.915310 -1.326740 -0.858244
3.401420 -1.549400 -0.862912
4.101770 -1.869280 -0.876195
5.111320 -2.331520 -0.889799
5.540140 -2.529460 -0.747790
2.903640 -1.333680 -0.856173
3.394220 -1.560450 -0.862462
4.095220 -1.883590 -0.876195
5.087000 -2.341910 -0.886984
2.900720 -1.344620 -0.856691
3.381680 -1.569010 -0.860663
4.088620 -1.897870 -0.876195
5.102090 -2.370480 -0.891051
2.897520 -1.356060 -0.857209
3.385010 -1.584930 -0.862912
4.081640 -1.912850 -0.876195
5.070120 -2.378250 -0.886984
2.911980 -1.375250 -0.862903
3.366840 -1.591500 -0.859763
4.138830 -1.957300 -0.889933
5.079640 -2.404390 -0.890112
6.752410 -3.199060 -0.917432
2.893210 -1.378750 -0.858762
3.382370 -1.613310 -0.865162
4.114250 -1.963280 -0.886117
5.067650 -2.420400 -0.889486
6.708970 -3.207200 -0.913045
2.886640 -1.388010 -0.858244
3.367940 -1.620880 -0.862912
4.149830 -1.998070 -0.895276
5.073410 -2.444940 -0.891989
6.648230 -3.205290 -0.906220
2.878550 -1.395890 -0.857209
3.369560 -1.635440 -0.864712
4.100790 -1.991240 -0.886117
5.058160 -2.458290 -0.890738
2.898200 -1.417310 -0.864456
3.350120 -1.639750 -0.861113
4.094170 -2.004830 -0.886117
5.042890 -2.471580 -0.889486
2.889770 -1.425700 -0.863420
3.342620 -1.650580 -0.860663
4.076580 -2.013890 -0.883827
5.055480 -2.499670 -0.893241
2.879590 -1.433200 -0.861867
3.342070 -1.664840 -0.862012
4.069530 -2.028110 -0.883827
5.036120 -2.512010 -0.891364
2.867660 -1.439780 -0.859797
3.337980 -1.677370 -0.862462
4.062420 -2.042300 -0.883827
5.023790 -2.527800 -0.890738
2.862620 -1.449780 -0.859797
3.330370 -1.688130 -0.862012
4.065780 -2.061790 -0.886117
5.004360 -2.539960 -0.888861
2.859260 -1.460640 -0.860315
3.326190 -1.700630 -0.862462
4.048070 -2.070610 -0.883827
5.007780 -2.563710 -0.891051
2.859300 -1.473270 -0.861867
3.325430 -1.714910 -0.863812
4.026860 -2.077530 -0.880774
5.009330 -2.586610 -0.892928
2.852420 -1.482350 -0.861350
3.318000 -1.725030 -0.863362
4.085760 -2.126010 -0.895276
4.998970 -2.602300 -0.892615
2.840650 -1.488210 -0.859279
3.315410 -1.738410 -0.864262
4.036960 -2.117660 -0.886117
5.005600 -2.628000 -0.895431
2.830310 -1.495410 -0.857726
3.301010 -1.744850 -0.862012
4.029550 -2.131730 -0.886117
5.000350 -2.646430 -0.896057
2.835040 -1.511230 -0.860832
3.285690 -1.752920 -0.859763
4.011310 -2.140940 -0.883827
12.265900 -6.549370 1.216520
4.988410 -2.664680 -0.895744
2.831450 -1.522030 -0.861350
3.297020 -1.773040 -0.864262
3.989990 -2.147490 -0.880774
12.288500 -6.616700 1.221050
4.970850 -2.676520 -0.894179
2.826380 -1.531410 -0.861350
3.280530 -1.778960 -0.861563
3.962130 -2.149470 -0.876195
12.488900 -6.778110 1.243190
4.966680 -2.696690 -0.895118
2.805760 -1.532930 -0.856691
3.288300 -1.797310 -0.865162
3.978720 -2.176480 -0.881538
12.138400 -6.642800 1.210590
4.940380 -2.703660 -0.891989
2.810820 -1.547820 -0.859797
3.276880 -1.805950 -0.863812
3.981800 -2.195350 -0.883827
12.022100 -6.631060 1.201180
4.924000 -2.717070 -0.890738
2.816950 -1.564670 -0.863420
3.268860 -1.816430 -0.863362
4.025200 -2.238560 -0.895276
4.910550 -2.733180 -0.890112
2.804730 -1.570720 -0.861350
3.257080 -1.825540 -0.862012
3.931740 -2.204580 -0.876195
4.887200 -2.742570 -0.887609
2.795860 -1.578600 -0.860315
3.257790 -1.840170 -0.863812
3.968450 -2.243410 -0.886117
4.905590 -2.774320 -0.892615
2.793970 -1.589780 -0.861350
3.259820 -1.856350 -0.866062
3.960990 -2.256560 -0.886117
4.892450 -2.789470 -0.891989
2.786730 -1.598560 -0.860832
3.255010 -1.868690 -0.866511
3.953090 -2.270370 -0.886117
12.167100 -6.990730 1.227680
4.877540 -2.803580 -0.891051
2.786150 -1.611180 -0.862385
3.234970 -1.872230 -0.862912
3.965530 -2.295960 -0.890696
4.859180 -2.815630 -0.889486
2.793860 -1.628680 -0.866526
3.225050 -1.881550 -0.862012
3.893060 -2.272190 -0.876195
4.851030 -2.833580 -0.889799
2.784830 -1.636460 -0.865491
3.225180 -1.896740 -0.863812
3.885100 -2.285760 -0.876195
4.839400 -2.849490 -0.889486
2.772450 -1.642230 -0.863420
3.216860 -1.907000 -0.863362
3.900740 -2.313330 -0.881538
4.836220 -2.870400 -0.890738
2.758400 -1.646950 -0.860832
3.203500 -1.914220 -0.861563
3.892640 -2.326930 -0.881538
4.824480 -2.886250 -0.890425
2.760920 -1.661550 -0.863420
3.208480 -1.932430 -0.864712
3.884500 -2.340510 -0.881538
4.826220 -2.910210 -0.892615
2.753450 -1.670180 -0.862903
3.195050 -1.939570 -0.862912
3.913220 -2.376470 -0.889933
4.799150 -2.916780 -0.889486
2.741010 -1.675750 -0.860832
3.189920 -1.951730 -0.863362
3.908250 -2.392170 -0.890696
4.805780 -2.943830 -0.892615
2.736790 -1.686320 -0.861350
3.198020 -1.972050 -0.867411
3.859780 -2.381060 -0.881538
4.785390 -2.954360 -0.890738
2.732520 -1.696880 -0.861867
3.181190 -1.977030 -0.864712
3.861440 -2.400730 -0.883827
4.759950 -2.961660 -0.887922
2.731500 -1.709480 -0.863420
3.159400 -1.978820 -0.860663
3.853040 -2.414200 -0.883827
4.754610 -2.981400 -0.888861
2.730420 -1.722100 -0.864973
3.164360 -1.996560 -0.863812
3.834630 -2.421340 -0.881538
4.748030 -2.999260 -0.889486
2.721430 -1.729070 -0.863938
3.160660 -2.009690 -0.864712
3.836520 -2.440370 -0.883827
4.747530 -3.022180 -0.891364
2.707240 -1.733350 -0.861350
3.163820 -2.026460 -0.867411
3.877560 -2.485530 -0.895276
4.730830 -3.033640 -0.890112
2.707970 -1.746510 -0.863420
3.138720 -2.025870 -0.862462
3.786830 -2.445130 -0.876195
4.700310 -3.037280 -0.886358
2.705100 -1.758050 -0.864456
3.134900 -2.038940 -0.863362
3.821060 -2.486170 -0.886117
4.694640 -3.056900 -0.887296
2.702180 -1.769600 -0.865491
3.134280 -2.054140 -0.865162
3.769670 -2.471500 -0.876195
4.695500 -3.080850 -0.889486
2.691150 -1.775830 -0.863938
3.125820 -2.063450 -0.864712
3.819990 -2.523610 -0.889933
4.685260 -3.096410 -0.889486
2.680420 -1.781540 -0.862385
3.118600 -2.074350 -0.864712
3.785450 -2.518860 -0.883827
4.671140 -3.110550 -0.888861
2.678680 -1.794580 -0.863938
3.101630 -2.078710 -0.862012
3.785970 -2.539280 -0.886117
4.654780 -3.124350 -0.887922
2.669200 -1.801750 -0.862903
3.110140 -2.100980 -0.866511
3.754320 -2.537090 -0.880774
4.634030 -3.133940 -0.886045
2.664490 -1.812150 -0.863420
3.099560 -2.109630 -0.865612
3.748680 -2.552390 -0.881538
4.627960 -3.153430 -0.886984
2.654960 -1.819250 -0.862385
3.097000 -2.123740 -0.866961
3.759180 -2.578780 -0.886117
4.634840 -3.181870 -0.890425
2.634290 -1.818630 -0.857726
3.087970 -2.133430 -0.866511
3.740460 -2.585190 -0.883827
4.615580 -3.192410 -0.888861
2.650130 -1.843260 -0.864973
3.077300 -2.141970 -0.865612
3.699190 -2.575800 -0.876195
4.601170 -3.206240 -0.888235
2.634190 -1.845850 -0.861867
3.071780 -2.153280 -0.866062
3.731970 -2.618010 -0.886117
4.579190 -3.213540 -0.886045
2.631210 -1.856800 -0.862903
3.065840 -2.165110 -0.866511
3.681570 -2.600920 -0.876195
4.559880 -3.223800 -0.884481
2.623140 -1.864850 -0.862385
3.064610 -2.180320 -0.868311
3.714060 -2.643350 -0.886117
4.564690 -3.251160 -0.887609
2.608760 -1.868370 -0.859797
3.039560 -2.178520 -0.863362
3.663330 -2.626550 -0.876195
4.553320 -3.267070 -0.887609
3.557100 -2.554150 -0.537688
2.602220 -1.877470 -0.859797
3.044960 -2.197710 -0.866961
3.654140 -2.639330 -0.876195
4.531250 -3.274050 -0.885419
3.596870 -2.600830 -0.545000
2.606920 -1.894040 -0.863420
3.034120 -2.206030 -0.866062
3.686640 -2.681450 -0.886117
4.527780 -3.295660 -0.886984
3.546050 -2.582980 -0.538663
2.600290 -1.903130 -0.863420
3.024820 -2.215460 -0.865612
3.715270 -2.722150 -0.895276
4.514650 -3.310280 -0.886671
3.633040 -2.665800 -0.553287
2.595190 -1.913340 -0.863938
3.018640 -2.227160 -0.866062
3.683630 -2.718780 -0.889933
2.571430 -1.909710 -0.858244
3.018670 -2.243500 -0.868311
3.648910 -2.712880 -0.883827
2.569390 -1.922150 -0.859797
3.006140 -2.250520 -0.866961
3.607990 -2.702070 -0.876195
3.446120 -2.584600 -0.528913
2.573470 -1.939250 -0.863420
2.981150 -2.248090 -0.862012
3.598530 -2.714650 -0.876195
3.357880 -2.536780 -0.516726
3.523680 -2.664940 -0.231534
2.575910 -1.955220 -0.866526
2.984150 -2.266730 -0.865162
3.366520 -2.559960 -0.669852
3.339520 -2.541270 -0.515264
3.520710 -2.682060 -0.231953
2.562930 -1.959510 -0.864456
2.980860 -2.280690 -0.866511
3.351290 -2.566890 -0.668601
3.333780 -2.555330 -0.515751
3.501820 -2.687040 -0.231325
2.550300 -1.963290 -0.862385
2.981000 -2.296510 -0.868761
3.342760 -2.577990 -0.668601
3.312720 -2.556670 -0.513801
3.505530 -2.708400 -0.232162
2.546480 -1.974540 -0.863420
2.976040 -2.309290 -0.869661
3.350790 -2.604770 -0.521113
3.505510 -2.727980 -0.232790
2.541100 -1.984610 -0.863938
2.964890 -2.317260 -0.868761
3.351060 -2.623790 -0.522576
3.486540 -2.732810 -0.232162
2.535670 -1.994660 -0.864456
2.940350 -2.313830 -0.863812
3.270630 -2.578360 -0.511364
3.493130 -2.756730 -0.233209
2.527530 -2.001860 -0.863938
2.947530 -2.336180 -0.868311
3.202530 -2.542850 -0.502102
3.477240 -2.763940 -0.232790
2.512980 -2.004650 -0.861350
2.936720 -2.343510 -0.867411
3.184780 -2.546020 -0.500639
3.468050 -2.775450 -0.232790
2.510830 -2.016600 -0.862903
2.931550 -2.356190 -0.868311
3.196610 -2.571980 -0.649829
3.175870 -2.557120 -0.500639
3.444350 -2.776260 -0.231848
2.497770 -2.020490 -0.860832
2.911200 -2.356600 -0.864712
3.150780 -2.553280 -0.642320
3.142260 -2.548180 -0.496739
3.423780 -2.779460 -0.231116
12.367000 -10.050400 4.270000
2.502690 -2.038960 -0.864973
2.908990 -2.371670 -0.866511
3.111240 -2.539280 -0.636063
12.261500 -10.010900 1.943570
3.111820 -2.541560 -0.493327
3.418210 -2.795780 -0.231430
2.490720 -2.044440 -0.863420
2.891250 -2.374900 -0.863812
3.132430 -2.575760 -0.642320
3.084090 -2.537810 -0.490402
3.140680 -2.586210 -0.355944
3.407940 -2.808290 -0.231430
12.503400 -10.310700 4.342470
2.478740 -2.049860 -0.861867
2.887030 -2.389200 -0.865162
3.159480 -2.617470 -0.649829
3.074770 -2.549100 -0.490402
3.368910 -2.795930 -0.229441
12.345700 -10.249600 3.704490
2.470080 -2.057270 -0.861350
2.891060 -2.408740 -0.868761
3.150780 -2.627930 -0.649829
3.070870 -2.563090 -0.491134
3.374950 -2.819890 -0.230488
2.473610 -2.074140 -0.864973
2.873680 -2.411300 -0.866062
3.065960 -2.575380 -0.634185
3.039110 -2.554640 -0.487477
12.336800 -10.384900 3.722940
2.469310 -2.085250 -0.866009
2.856740 -2.413280 -0.863362
3.045340 -2.575330 -0.631682
3.041230 -2.573680 -0.489184
12.289300 -10.422100 4.317620
2.456490 -2.088420 -0.863938
2.848300 -2.423230 -0.863362
3.018280 -2.570580 -0.627928
3.027690 -2.580420 -0.488452
12.273400 -10.482500 4.324870
2.442950 -2.092380 -0.861867
2.850180 -2.442040 -0.866511
2.975860 -2.553320 -0.621045
3.042770 -2.611660 -0.492352
2.438560 -2.103420 -0.862903
2.844160 -2.455010 -0.867411
2.965430 -2.562400 -0.620732
3.024170 -2.615000 -0.490890
2.428280 -2.109390 -0.861867
2.833060 -2.461870 -0.866511
3.000140 -2.609820 -0.629805
2.946600 -2.565060 -0.479678
2.428550 -2.123790 -0.864456
2.815650 -2.464050 -0.863812
2.988040 -2.617680 -0.629180
2.958530 -2.593650 -0.483090
2.410970 -2.123310 -0.860832
2.815810 -2.481590 -0.866511
2.931600 -2.588190 -0.480165
2.399210 -2.127870 -0.859279
2.807130 -2.491410 -0.866511
2.952220 -2.624790 -0.485040
2.960140 -2.635540 -0.069181
2.397530 -2.141380 -0.861350
2.801750 -2.503300 -0.867411
2.878420 -2.576320 -0.474316
2.953900 -2.648520 -0.069251
2.399030 -2.157070 -0.864456
3.004750 -2.702640 0.070543
2.793000 -2.513060 -0.867411
11.556100 -10.412500 1.909940
2.875310 -2.591660 -0.475290
2.939170 -2.652950 -0.069112
2.395790 -2.169320 -0.866009
2.775980 -2.514460 -0.864712
11.655300 -10.572100 1.932120
2.919620 -2.649210 -0.484065
2.885500 -2.622840 -0.068064
2.377160 -2.166840 -0.861867
2.775830 -2.532020 -0.867411
11.347200 -10.365100 1.887030
2.866390 -2.619210 -0.476753
2.867470 -2.624790 -0.067855
2.377740 -2.183380 -0.864973
2.755490 -2.531140 -0.863812
10.907700 -10.033700 1.819750
2.877680 -2.648020 -0.480165
2.871530 -2.646990 -0.068169
2.358750 -2.181170 -0.860832
2.737620 -2.533280 -0.861113
2.823710 -2.622110 -0.067262
2.362440 -2.199930 -0.864973
3.021510 -2.814640 0.072078
2.725900 -2.540170 -0.860213
2.820380 -2.637420 -0.067401
2.343470 -2.197590 -0.860832
2.982490 -2.797810 0.071380
2.719860 -2.552340 -0.861113
3.286460 -3.085110 -0.876195
10.644100 -10.002400 1.793430
2.777010 -2.610520 -0.467978
10.948500 -10.306600 3.471440
2.802880 -2.638530 -0.067192
2.344210 -2.213710 -0.863938
2.955750 -2.791210 0.070961
2.711380 -2.561340 -0.861113
3.275670 -3.096570 -0.876195
10.669900 -10.093600 1.803420
2.768340 -2.619720 -0.467978
11.512400 -10.902000 3.081950
11.115200 -10.533200 3.535330
2.787850 -2.642800 -0.067052
2.334060 -2.218810 -0.862903
2.956140 -2.811160 0.071206
2.717960 -2.585560 -0.866062
3.293830 -3.134480 -0.883827
2.759170 -2.629360 -0.467978
11.147400 -10.637800 3.557380
2.782950 -2.656650 -0.067157
10.489700 -10.017100 3.886430
2.327690 -2.228280 -0.863420
2.939080 -2.814540 0.071031
2.701880 -2.588300 -0.863812
3.254520 -3.118790 -0.876195
10.971700 -10.525100 1.866790
2.732790 -2.622490 -0.465053
11.133800 -10.688100 2.444450
10.959900 -10.532200 3.509240
2.780860 -2.673280 -0.067331
10.435100 -10.034900 3.879180
2.326860 -2.243100 -0.866009
2.955150 -2.849770 0.071660
2.687220 -2.592300 -0.862012
3.271870 -3.157400 -0.883827
4.014230 -3.876500 -0.883855
10.927700 -10.556500 1.865580
2.709350 -2.618210 -0.462616
10.896400 -10.544600 3.500690
2.787320 -2.698270 -0.067715
10.397300 -10.068600 3.878140
2.313470 -2.245820 -0.863938
2.962400 -2.876790 0.072078
2.673960 -2.597590 -0.860663
3.232670 -3.141440 -0.876195
4.000680 -3.890490 -0.883855
10.996100 -10.697000 1.883610
10.860900 -10.584000 3.501140
2.773590 -2.703800 -0.067611
2.302850 -2.251180 -0.862903
2.952340 -2.887110 0.072078
2.685770 -2.627350 -0.867411
3.221680 -3.152700 -0.876195
3.995540 -3.912720 -0.885732
10.938500 -10.730500 3.537580
2.289870 -2.253390 -0.860832
2.942750 -2.896880 0.072078
2.667330 -2.626670 -0.864262
3.211210 -3.163370 -0.876195
3.968480 -3.912080 -0.882603
2.283750 -2.262330 -0.861350
2.933130 -2.906630 0.072078
2.647530 -2.624520 -0.860663
3.200700 -3.174000 -0.876195
3.962490 -3.932180 -0.884168
11.041800 -10.968800 2.465090
2.760250 -2.745840 -0.067960
2.278580 -2.273020 -0.862385
2.908810 -2.902720 0.071729
2.634210 -2.629620 -0.859313
3.189600 -3.185150 -0.876195
3.948740 -3.945990 -0.884168
2.735470 -2.736430 -0.338513
2.723810 -2.728570 -0.067296
2.284260 -2.294650 -0.867562
2.864800 -2.878840 0.070892
2.633260 -2.647090 -0.862012
3.214460 -3.232460 -0.886117
3.939120 -3.963950 -0.885106
10.703400 -10.782100 2.406280
2.725530 -2.749420 -0.067576
2.265370 -2.291620 -0.863420
2.857550 -2.891670 0.070961
2.624010 -2.656260 -0.862012
3.167290 -3.207340 -0.876195
3.912770 -3.965020 -0.882290
10.779400 -10.934800 2.431930
2.677130 -2.717610 -0.199923
2.714510 -2.757490 -0.067541
2.258710 -2.300890 -0.863938
2.620180 -2.670970 -0.863812
3.156070 -3.218380 -0.876195
3.914120 -3.994170 -0.885732
10.584100 -10.808100 2.395950
2.706670 -2.764920 -0.338513
2.708150 -2.769340 -0.067611
2.243920 -2.301840 -0.861350
2.601790 -2.669880 -0.860663
3.144820 -3.229370 -0.876195
3.892580 -3.998640 -0.883855
10.567000 -10.866300 2.400640
2.719360 -2.800290 -0.068134
2.244340 -2.317600 -0.864456
2.581610 -2.667740 -0.857064
3.161390 -3.268010 -0.883827
3.871740 -4.005100 -0.882290
10.540000 -10.914400 2.403150
2.734560 -2.835680 -0.068763
2.238910 -2.328200 -0.865491
2.591190 -2.696410 -0.863362
3.122760 -3.250710 -0.876195
3.864570 -4.025720 -0.883855
2.598070 -2.709240 -0.328403
2.712200 -2.832210 -0.068448
2.229440 -2.334610 -0.864973
2.583100 -2.706840 -0.863812
3.111400 -3.261590 -0.876195
3.853220 -4.042040 -0.884481
2.668290 -2.801980 -0.338513
2.705050 -2.844550 -0.068518
2.217290 -2.338170 -0.863420
2.564260 -2.705940 -0.860663
3.072990 -3.243920 -0.868563
3.839090 -4.055470 -0.884481
2.734920 -2.896140 -0.069530
2.206470 -2.343080 -0.862385
2.553460 -2.713460 -0.860213
3.088550 -3.283230 -0.876195
3.824910 -4.068840 -0.884481
2.675550 -2.853160 -0.068274
2.195630 -2.347950 -0.861350
2.543970 -2.722350 -0.860213
3.077070 -3.293990 -0.876195
3.806640 -4.077840 -0.883542
2.669660 -2.866870 -0.068378
2.195310 -2.364090 -0.864456
2.539760 -2.736930 -0.862012
3.065560 -3.304710 -0.876195
3.780300 -4.078060 -0.880726
2.655570 -2.871770 -0.068274
2.183120 -2.367480 -0.862903
2.535470 -2.751510 -0.863812
3.054000 -3.315390 -0.876195
3.778080 -4.104310 -0.883542
2.636060 -2.870710 -0.068030
2.170930 -2.370810 -0.861350
2.516640 -2.750280 -0.860663
3.042410 -3.326030 -0.876195
3.771720 -4.126220 -0.885419
2.640840 -2.896150 -0.068413
2.162220 -2.378750 -0.861350
2.505710 -2.757610 -0.860213
3.030200 -3.337160 -0.876195
3.739320 -4.121000 -0.881352
2.628030 -2.902380 -0.068344
2.156490 -2.389150 -0.862385
2.492980 -2.763880 -0.859313
3.018530 -3.347720 -0.876195
3.727560 -4.136970 -0.881978
2.636600 -2.932360 -0.068832
2.156300 -2.404920 -0.865491
2.495500 -2.785190 -0.863362
3.007410 -3.357710 -0.876195
3.712500 -4.147830 -0.881665
2.143170 -2.406290 -0.863420
2.482370 -2.789090 -0.862012
2.996260 -3.367660 -0.876195
3.709220 -4.171930 -0.884168
2.124520 -2.402180 -0.859279
2.475200 -2.800660 -0.862912
2.984490 -3.378100 -0.876195
3.685490 -4.174490 -0.881978
2.128870 -2.424090 -0.864456
2.461550 -2.804880 -0.861563
2.972680 -3.388500 -0.876195
3.678710 -4.196240 -0.883855
2.116590 -2.427140 -0.862903
2.450460 -2.811990 -0.861113
2.960830 -3.398850 -0.876195
3.666630 -4.212030 -0.884481
2.111890 -2.438900 -0.864456
2.436810 -2.816110 -0.859763
2.948950 -3.409170 -0.876195
3.655780 -4.229290 -0.885419
2.095810 -2.437470 -0.861350
2.432040 -2.830510 -0.861563
2.937030 -3.419440 -0.876195
3.643570 -4.245020 -0.886045
2.083530 -2.440360 -0.859797
2.425940 -2.843430 -0.862912
2.925080 -3.429670 -0.876195
3.622320 -4.250200 -0.884481
2.082490 -2.456460 -0.862903
2.413480 -2.848900 -0.862012
2.913090 -3.439860 -0.876195
3.613840 -4.270360 -0.886045
2.070170 -2.459280 -0.861350
2.398510 -2.851350 -0.860213
2.901060 -3.450010 -0.876195
3.600190 -4.284460 -0.886358
2.066530 -2.472420 -0.863420
2.389040 -2.859280 -0.860213
2.889000 -3.460120 -0.876195
3.558110 -4.263010 -0.879475
2.058320 -2.479260 -0.863420
2.380290 -2.869110 -0.860663
2.902580 -3.499900 -0.883827
2.042280 -2.477480 -0.860315
2.367780 -2.874390 -0.859763
2.865380 -3.479700 -0.876195
2.031170 -2.481610 -0.859279
2.354030 -2.878110 -0.858413
2.853220 -3.489680 -0.876195
2.024930 -2.491680 -0.860315
2.339060 -2.880260 -0.856614
2.841020 -3.499620 -0.876195
3.331480 -4.106710 -0.837550
2.023500 -2.507760 -0.863420
2.336330 -2.897510 -0.859313
2.828790 -3.509510 -0.876195
2.012320 -2.511790 -0.862385
2.318890 -2.896520 -0.856614
2.816520 -3.519370 -0.876195
2.323320 -2.922900 -0.862012
2.804220 -3.529180 -0.876195
3.288300 -4.141370 -0.837550
2.304650 -2.920290 -0.858863
2.791880 -3.538950 -0.876195
2.293240 -2.926780 -0.858413
2.779510 -3.548670 -0.876195
2.287110 -2.938980 -0.859763
2.767110 -3.558350 -0.876195
2.275650 -2.945410 -0.859313
2.755290 -3.567510 -0.876195
2.258750 -2.943660 -0.856614
2.742820 -3.577100 -0.876195
2.253180 -2.957730 -0.858413
2.730950 -3.586180 -0.876195
2.246370 -2.970240 -0.859763
2.717780 -3.596160 -0.876195
2.233130 -2.975330 -0.858863
2.705210 -3.605630 -0.876195
2.219240 -2.978420 -0.857513
2.692610 -3.615050 -0.876195
3.098360 -4.162830 -0.821907
2.215780 -2.995550 -0.860213
2.679980 -3.624430 -0.876195
2.195450 -2.988750 -0.856164
2.667310 -3.633760 -0.876195
2.179270 -2.988520 -0.853914
2.655240 -3.642580 -0.876195
6.626600 -9.150920 0.197212
2.171110 -2.999270 -0.854814
2.641880 -3.652290 -0.876195
3.097800 -4.285730 -0.837550
2.168060 -3.018280 -0.857963
2.629110 -3.661490 -0.876195
3.183000 -4.436150 -0.864770
2.158040 -3.025450 -0.857963
2.616950 -3.670190 -0.876195
3.178590 -4.461160 -0.867586
6.530860 -9.217040 0.197177
2.151370 -3.037370 -0.859313
2.604770 -3.678850 -0.876195
3.151230 -4.453940 -0.864144
2.130670 -3.030510 -0.855264
2.591270 -3.688370 -0.876195
3.131480 -4.460610 -0.863205
2.125120 -3.046290 -0.857513
2.578380 -3.697390 -0.876195
3.113630 -4.468270 -0.862580
2.115010 -3.053320 -0.857513
2.565460 -3.706370 -0.876195
3.095430 -4.473700 -0.861641
2.103230 -3.059080 -0.857064
2.553150 -3.714860 -0.876195
3.071960 -4.473080 -0.859451
2.098030 -3.074450 -0.859313
2.540170 -3.723750 -0.876195
3.045200 -4.467450 -0.856322
2.077450 -3.067230 -0.855264
2.527150 -3.732590 -0.876195
3.024060 -4.469870 -0.854758
2.069450 -3.077340 -0.856164
2.514110 -3.741390 -0.876195
3.007010 -4.476600 -0.854132
2.063020 -3.091030 -0.857963
2.501690 -3.749710 -0.876195
2.988080 -4.482140 -0.853194
2.050600 -3.094600 -0.857064
2.488580 -3.758420 -0.876195
2.960120 -4.472250 -0.849439
2.037110 -3.098840 -0.856164
2.475450 -3.767080 -0.876195
2.941540 -4.479770 -0.848813
2.028410 -3.109200 -0.857064
2.461630 -3.776130 -0.876195
2.922940 -4.487210 -0.848188
2.012760 -3.110070 -0.855264
2.448430 -3.784700 -0.876195
2.905120 -4.494070 -0.847562
2.001890 -3.117070 -0.855264
2.435200 -3.793220 -0.876195
2.881950 -4.492540 -0.845372
5.961970 -9.311730 -0.579464
2.421950 -3.801700 -0.876195
2.859880 -4.492580 -0.843495
5.962630 -9.384740 -0.582709
2.408660 -3.810130 -0.876195
2.835470 -4.487010 -0.840679
5.957050 -9.445010 -0.585221
2.396020 -3.818100 -0.876195
2.817690 -4.493530 -0.840053
5.907090 -9.438660 -0.583546
2.382670 -3.826440 -0.876195
2.800950 -4.501660 -0.839740
5.851980 -9.423590 -0.581348
2.369300 -3.834730 -0.876195
2.791440 -4.521500 -0.841618
5.821150 -9.447360 -0.581557
2.355900 -3.842980 -0.876195
2.769210 -4.518940 -0.839427
5.805420 -9.492170 -0.583127
2.343150 -3.850770 -0.876195
2.735970 -4.499880 -0.834109
5.732880 -9.447490 -0.579150
2.329690 -3.858920 -0.876195
2.712080 -4.495870 -0.831606
5.737980 -9.530750 -0.583023
2.279890 -3.806400 -0.862457
2.703480 -4.517180 -0.833796
5.763060 -9.648460 -0.588989
2.302690 -3.875090 -0.876195
2.676600 -4.507900 -0.830354
5.708980 -9.634160 -0.586895
2.289150 -3.883110 -0.876195
2.662850 -4.520620 -0.830980
5.776530 -9.826200 -0.597363
2.275580 -3.891080 -0.876195
2.635880 -4.508970 -0.827226
5.733850 -9.828050 -0.596316
2.237050 -3.854450 -0.866273
2.604270 -4.490800 -0.822220
5.766540 -9.963830 -0.603329
2.229450 -3.872450 -0.868563
2.596460 -4.513560 -0.824723
5.695920 -9.921540 -0.599561
2.235400 -3.914300 -0.876195
2.578730 -4.519160 -0.824097
5.676080 -9.967390 -0.601131
2.221720 -3.922080 -0.876195
2.548350 -4.502350 -0.819404
5.625540 -9.959320 -0.599456
2.208010 -3.929810 -0.876195
2.537450 -4.519830 -0.820968
5.713740 -10.198400 -0.612645
2.194280 -3.937490 -0.876195
2.517810 -4.521760 -0.819717
5.616020 -10.106600 -0.605946
2.180530 -3.945130 -0.876195
2.499150 -4.525330 -0.818778
5.641440 -10.236300 -0.612540
2.166740 -3.952720 -0.876195
2.483340 -4.534030 -0.818778
5.625790 -10.292800 -0.614738
2.152930 -3.960260 -0.876195
2.459950 -4.528780 -0.816275
5.631710 -10.389600 -0.619344
2.139090 -3.967750 -0.876195
2.434760 -4.519950 -0.813146
5.638910 -10.490100 -0.624159
2.125230 -3.975190 -0.876195
2.419900 -4.530160 -0.813459
5.564670 -10.439200 -0.619972
2.111340 -3.982580 -0.876195
2.397600 -4.526360 -0.811269
5.553400 -10.506300 -0.622798
2.097430 -3.989930 -0.876195
2.387290 -4.545200 -0.813146
5.546360 -10.582200 -0.626147
2.059890 -3.951960 -0.866273
2.365820 -4.540830 -0.810956
5.576650 -10.726400 -0.633579
2.070220 -4.004110 -0.876195
2.338170 -4.526240 -0.806889
5.587680 -10.839800 -0.639127
2.032950 -3.965890 -0.866273
2.323260 -4.536130 -0.807202
2.042220 -4.018470 -0.876195
2.302940 -4.535410 -0.805638
2.028180 -4.025570 -0.876195
2.297660 -4.562430 -0.809079
2.014820 -4.032280 -0.876195
2.265830 -4.538610 -0.803447
2.000730 -4.039290 -0.876195
2.249100 -4.544720 -0.803135
2.224520 -4.534810 -0.800006
2.208680 -4.542550 -0.800006
