4.503980 2.055430 0.607884
4.516180 2.058140 -0.434210
4.521950 2.059820 0.965875
4.514070 2.054330 1.145000
4.513800 2.054200 -0.086564
4.531570 2.061340 1.333950
4.508270 2.042200 0.086389
4.510410 2.042220 0.259482
4.532800 2.050450 0.435256
4.551280 2.056890 0.613247
4.527560 2.045220 0.786865
4.545120 2.052200 -0.436302
4.577430 2.065830 0.976179
4.542390 2.049060 -0.261156
4.560290 2.056180 1.154900
4.540990 2.047480 -0.086948
4.573970 2.061380 1.344310
4.556970 2.046070 0.087192
4.550310 2.041170 0.261366
4.574470 2.050090 0.438568
4.597930 2.059640 0.618609
4.563520 2.042320 0.791871
4.595910 2.055850 -0.440485
4.607550 2.061060 0.981140
4.578330 2.047030 -0.262831
4.592000 2.052180 1.161200
4.575500 2.043850 -0.087471
4.612890 2.059580 1.353620
4.580530 2.037470 0.087506
4.619460 2.052860 0.264925
4.617660 2.051090 0.442054
4.645010 2.061300 0.623971
4.628410 2.052000 0.801883
4.646770 2.059170 -0.444669
4.647030 2.059280 0.988009
4.607360 2.040740 -0.264087
4.645460 2.056650 1.172890
4.635640 2.051330 -0.088484
4.658920 2.060660 1.365010
4.624210 2.037590 0.088205
4.677780 2.059250 0.267855
4.661620 2.050200 0.445540
4.677620 2.056250 0.627383
4.657250 2.045360 0.805638
4.686770 2.057350 -0.447806
4.681510 2.054070 0.993733
4.651390 2.039880 -0.266181
4.685100 2.053690 1.180990
4.683060 2.052800 -0.089252
4.701470 2.059890 1.375360
4.688470 2.045420 0.089287
4.710580 2.054080 0.269321
4.710760 2.052210 0.449549
4.710610 2.050190 0.630796
4.722320 2.054310 0.815649
4.734120 2.058450 -0.451641
4.733670 2.057280 1.003270
4.698780 2.041140 -0.268483
4.710110 2.045080 1.185490
4.719550 2.049180 -0.089810
4.740530 2.057310 1.384680
4.726430 2.043350 0.089880
4.732380 2.043970 0.270158
4.739850 2.045230 0.451641
4.750190 2.048700 0.635183
4.754860 2.048750 0.820030
4.770560 2.054530 -0.454430
4.783740 2.060200 1.012430
4.764230 2.050820 -0.271833
4.759830 2.047940 1.196290
4.765250 2.049280 -0.090543
4.786730 2.057530 1.396070
4.781330 2.047300 0.090787
4.790910 2.049430 0.273089
4.790580 2.048300 0.455824
4.812080 2.055510 0.642495
4.785610 2.042220 0.824097
4.817660 2.055900 -0.458265
4.834240 2.061980 1.021590
4.797080 2.045140 -0.273298
4.806390 2.048120 1.206190
4.799970 2.044390 -0.091067
4.829430 2.055940 1.406420
4.801330 2.036070 0.091032
4.834810 2.048280 0.275182
4.832550 2.046320 0.459136
4.863100 2.057260 0.648345
4.830920 2.041650 0.830667
4.865180 2.056130 -0.462100
4.868540 2.056550 1.027320
4.818910 2.034600 -0.274136
4.860190 2.051030 1.217890
4.856820 2.048610 -0.092009
4.872180 2.054080 1.416780
4.843440 2.034010 0.091695
4.882450 2.048380 0.277485
4.885600 2.048700 0.463494
4.899550 2.052540 0.652245
4.914550 2.056810 0.843808
4.916440 2.057600 -0.466283
4.913720 2.055460 1.035330
4.873890 2.037800 -0.276857
4.906880 2.050580 1.227780
4.902690 2.047830 -0.092742
4.922110 2.054930 1.429200
4.909600 2.041660 0.092812
4.919080 2.043590 0.279160
4.936880 2.049980 0.467678
4.943350 2.050640 0.657120
4.929000 2.042670 0.845059
4.964080 2.057210 -0.470118
4.971650 2.059330 1.046020
4.940030 2.045220 -0.280207
4.948220 2.047600 1.236330
4.948620 2.046750 -0.093475
4.973880 2.056190 1.442140
4.961070 2.042780 0.093650
4.970160 2.045510 0.281672
4.975340 2.045610 0.470641
4.994550 2.051470 0.662969
4.979600 2.044310 0.852568
4.997040 2.050460 -0.472558
4.985950 2.043870 -0.282405
4.993200 2.045830 1.245780
4.979430 2.040190 -0.093929
6.525390 1.985050 -0.357455
6.513150 1.956520 -0.356408
6.515770 1.933770 -0.356199
6.571980 1.926760 -0.358920
6.536460 1.891600 -0.356617
6.546860 1.869870 -0.356827
6.507210 1.834000 -0.354314
6.494330 1.805920 -0.353268
5.437060 1.493530 -0.493302
6.469780 1.774790 -0.351593
5.434550 1.472460 -0.492604
6.487500 1.755320 -0.352221
5.470450 1.461710 -0.495393
6.462710 1.724430 -0.350546
5.436990 1.432450 -0.491907
6.457100 1.698810 -0.349918
5.449670 1.415470 -0.492604
6.462700 1.677390 -0.349918
5.443000 1.393480 -0.491558
6.433690 1.645910 -0.348034
5.447830 1.374470 -0.491558
6.470670 1.630120 -0.349709
5.452590 1.355440 -0.491558
6.445300 1.599830 -0.348034
5.461160 1.337350 -0.491907
6.458330 1.580340 -0.348453
8.182040 1.999110 -0.147019
5.453940 1.316430 -0.490861
6.459930 1.556860 -0.348243
8.227850 1.979890 -0.147717
5.470140 1.300140 -0.491907
6.502240 1.543060 -0.350232
8.189960 1.940550 -0.146914
5.443600 1.273780 -0.489118
6.536760 1.527170 -0.351802
8.151890 1.901510 -0.146112
5.467430 1.259240 -0.490861
6.526480 1.500760 -0.350965
8.064930 1.851560 -0.144436
5.471790 1.240150 -0.490861
6.539470 1.479730 -0.351384
8.014780 1.810620 -0.143424
5.456640 1.216700 -0.489118
6.536800 1.455160 -0.350965
8.056180 1.790440 -0.144052
5.468640 1.199360 -0.489815
6.514530 1.426350 -0.349500
8.148340 1.781100 -0.145588
5.480580 1.181940 -0.490513
6.527280 1.405290 -0.349918
8.170150 1.756000 -0.145867
5.480780 1.161980 -0.490164
6.532140 1.382490 -0.349918
8.187670 1.731380 -0.146077
5.472900 1.141350 -0.489118
6.536690 1.360830 -0.349918
8.179660 1.701370 -0.145832
5.476650 1.123200 -0.489118
6.525510 1.335940 -0.349081
8.165950 1.668810 -0.145483
5.492260 1.106440 -0.490164
6.530140 1.313150 -0.349081
8.154090 1.636750 -0.145169
5.484360 1.084940 -0.489118
6.550360 1.293440 -0.349918
8.140130 1.604410 -0.144820
5.511580 1.070350 -0.491210
6.546990 1.269050 -0.349500
8.145680 1.575990 -0.144820
10.422300 1.999480 0.185240
5.491800 1.046620 -0.489118
6.571000 1.249920 -0.350546
8.135420 1.544560 -0.144541
10.623800 1.999710 0.188695
5.526760 1.033310 -0.491907
6.571390 1.226240 -0.350337
8.168280 1.521280 -0.145030
10.795900 1.993110 0.191627
10.812900 1.992340 0.576219
10.835900 1.994620 0.963942
10.882800 1.999320 1.358600
5.491140 1.006820 -0.488421
6.575640 1.203300 -0.350337
8.138130 1.486290 -0.144401
10.875600 1.968590 0.192919
11.016300 1.990100 0.586686
11.015300 1.987920 0.979282
11.087000 1.996870 1.383220
5.475010 0.984123 -0.486678
6.532610 1.171870 -0.347825
8.099970 1.450120 -0.143633
10.884400 1.930960 0.192954
11.278500 1.998860 0.600293
11.238000 1.987630 0.998456
11.303100 1.995080 1.409300
5.537270 0.975376 -0.491907
6.536670 1.149060 -0.347825
8.112610 1.424630 -0.143773
10.869000 1.891090 0.192570
11.423200 1.983390 0.607621
11.470600 1.987510 1.018500
11.503300 1.991100 1.433430
5.497450 0.948587 -0.488072
6.540440 1.127380 -0.347825
8.121470 1.396980 -0.143843
10.851900 1.849110 0.192151
11.725400 1.993720 0.623321
11.754100 1.996500 1.043080
11.745000 1.990740 1.462680
5.504500 0.931017 -0.488421
6.571910 1.109200 -0.349290
8.118410 1.367300 -0.143703
10.842500 1.808580 0.191872
11.960800 1.990830 0.635463
11.947700 1.986500 1.059640
11.988900 1.989050 1.492170
5.488060 0.908541 -0.486678
6.528450 1.078440 -0.346778
8.099460 1.335050 -0.143284
10.833000 1.768150 0.191593
5.506930 0.891929 -0.488072
6.579490 1.063290 -0.349290
8.092220 1.304860 -0.143075
10.819300 1.727170 0.191243
5.494260 0.870205 -0.486678
6.555540 1.035950 -0.347825
8.132280 1.282210 -0.143703
10.833200 1.690620 0.191383
5.485460 0.849194 -0.485632
6.511750 1.005750 -0.345313
8.101140 1.248330 -0.143075
10.811400 1.648580 0.190894
13.014200 1.979830 0.689893
13.022200 1.978730 1.152370
5.535670 0.837193 -0.489815
6.562620 0.990161 -0.347825
8.105440 1.220040 -0.143075
10.785400 1.606120 0.190336
13.246300 1.967850 0.701825
13.285200 1.971270 1.175030
5.491250 0.810878 -0.485632
6.538370 0.963171 -0.346359
8.109650 1.191750 -0.143075
10.794900 1.569040 0.190406
13.545600 1.964020 0.717317
13.595700 1.968860 1.201880
5.494050 0.791706 -0.485632
6.569370 0.944318 -0.347825
8.090010 1.160030 -0.142656
10.788400 1.529660 0.190196
13.947900 1.972660 0.738251
13.906300 1.964300 1.228720
5.480990 0.770303 -0.484237
6.552850 0.918610 -0.346778
8.129660 1.136770 -0.143284
10.781800 1.490350 0.189987
14.207900 1.958880 0.751649
14.223000 1.958420 1.256090
5.495490 0.752790 -0.485283
6.559970 0.896270 -0.346987
8.086020 1.101900 -0.142447
10.763200 1.449500 0.189568
14.527100 1.953810 0.768187
14.602900 1.958830 1.289030
5.513890 0.735709 -0.486678
6.519500 0.867574 -0.344685
8.089630 1.075080 -0.142447
10.779800 1.415360 0.189777
14.973200 1.955310 1.321110
5.536180 0.719022 -0.488421
6.561960 0.851086 -0.346778
8.085400 1.045800 -0.142307
10.784700 1.377720 0.189777
15.360600 1.956840 0.811521
15.355100 1.953420 1.354230
5.518770 0.698163 -0.486678
6.564890 0.828173 -0.346778
8.077100 1.016080 -0.142097
10.741800 1.334160 0.188940
15.763800 1.952310 0.832456
15.753400 1.948230 1.388740
5.536990 0.680838 -0.488072
6.539980 0.801854 -0.345313
8.100450 0.990306 -0.142447
10.746400 1.296650 0.188940
16.103600 1.937350 0.850041
16.132000 1.937900 1.421510
5.523510 0.659615 -0.486678
6.542740 0.779019 -0.345313
8.107830 0.962497 -0.142516
10.750900 1.259130 0.188940
16.348300 1.908920 0.862601
16.615600 1.937180 1.463520
5.541610 0.642169 -0.488072
6.525580 0.753882 -0.344266
8.107160 0.933730 -0.142447
10.755200 1.221600 0.188940
16.378700 1.854540 0.863857
16.937000 1.914760 1.491230
20.205400 2.277110 2.496620
20.323200 2.283210 3.239130
5.516100 0.619705 -0.485632
20.546200 2.304620 4.018820
6.496420 0.727543 -0.342591
8.090500 0.903204 -0.142097
10.771300 1.185360 0.189149
16.385100 1.797360 0.863857
5.490500 0.597431 -0.483191
20.497500 2.226740 4.007750
6.578340 0.713475 -0.346778
20.637300 2.234640 4.792360
8.089630 0.874529 -0.142028
20.781900 2.242960 5.600840
10.751500 1.145210 0.188730
16.391300 1.740150 0.863857
5.548130 0.583133 -0.488072
6.564900 0.688842 -0.345941
8.096610 0.846704 -0.142097
10.707700 1.102760 0.187893
16.397200 1.682930 0.863857
5.550130 0.563764 -0.488072
6.527640 0.660751 -0.343847
8.123390 0.820850 -0.142516
10.755500 1.067850 0.188661
16.331500 1.618580 0.860089
5.520340 0.541275 -0.485283
6.506050 0.635632 -0.342591
8.110280 0.790935 -0.142237
10.739000 1.030270 0.188311
16.209800 1.549410 0.853390
5.490460 0.519000 -0.482494
6.508120 0.614055 -0.342591
8.097070 0.761120 -0.141958
10.734600 0.992041 0.188172
16.286700 1.499400 0.857158
5.539770 0.505136 -0.486678
6.510230 0.591332 -0.342591
8.091710 0.732132 -0.141818
10.734000 0.954212 0.188102
21.249700 1.877800 1.866350
21.051900 1.852910 2.594840
5.489890 0.481271 -0.482146
6.512250 0.568605 -0.342591
8.102180 0.704573 -0.141958
10.709400 0.914353 0.187613
16.224900 1.382400 0.853390
21.083400 1.788950 1.851190
20.947500 1.770060 2.581190
5.483600 0.461435 -0.481448
6.514200 0.545868 -0.342591
8.104480 0.677703 -0.141958
10.716400 0.879164 0.187683
21.043900 1.711630 1.847180
20.878000 1.694480 2.571930
5.505040 0.443893 -0.483191
6.555790 0.527468 -0.344685
8.082870 0.647495 -0.141539
10.703400 0.840501 0.187404
21.004600 1.630960 2.586800
5.502510 0.425329 -0.482843
6.549620 0.503966 -0.344266
8.113000 0.621412 -0.142028
10.722200 0.804328 0.187683
21.164500 1.569090 2.605810
5.488060 0.404945 -0.481448
6.519470 0.478761 -0.342591
8.087200 0.591050 -0.141539
10.697100 0.764896 0.187195
16.143000 1.148650 0.848157
5.509320 0.387183 -0.483191
6.521110 0.455999 -0.342591
8.089210 0.562819 -0.141539
10.683700 0.726468 0.186915
5.498710 0.367152 -0.482146
6.522660 0.433235 -0.342591
8.067180 0.532994 -0.141120
10.670200 0.688144 0.186636
16.050900 1.029530 0.842923
5.499950 0.347954 -0.482146
6.564000 0.412974 -0.344685
8.072980 0.505083 -0.141190
10.632600 0.648461 0.185938
16.054400 0.973494 0.842923
5.501130 0.328755 -0.482146
6.549450 0.389109 -0.343847
8.066710 0.476426 -0.141050
10.638600 0.615282 0.186008
16.057400 0.923056 0.842923
5.502140 0.311472 -0.482146
6.526710 0.367187 -0.342591
8.116090 0.453762 -0.141888
10.608700 0.576409 0.185449
16.060500 0.866995 0.842923
5.515130 0.292897 -0.483191
6.527950 0.344403 -0.342591
8.081680 0.423543 -0.141260
10.598700 0.538763 0.185240
16.063500 0.810932 0.842923
5.516120 0.273645 -0.483191
6.529110 0.321613 -0.342591
8.083110 0.395332 -0.141260
10.628500 0.503089 0.185729
5.521020 0.254573 -0.483540
6.530200 0.298818 -0.342591
8.084440 0.367112 -0.141260
10.614200 0.465282 0.185449
15.996900 0.695651 0.839155
5.494050 0.233154 -0.481100
6.531200 0.276023 -0.342591
8.077680 0.338552 -0.141120
10.591800 0.427259 0.185030
16.071100 0.642676 0.842923
5.518720 0.214904 -0.483191
6.532170 0.252085 -0.342591
8.070820 0.310052 -0.140981
10.587300 0.388218 0.184926
16.001500 0.581162 0.839155
5.519440 0.195637 -0.483191
6.533010 0.229280 -0.342591
8.055910 0.279916 -0.140701
10.568600 0.350593 0.184577
15.951500 0.523595 0.836433
28.577600 0.933029 2.501540
5.532040 0.176752 -0.484237
6.533770 0.206472 -0.342591
8.064830 0.252041 -0.140841
10.585700 0.314182 0.184856
15.953200 0.467914 0.836433
5.528640 0.157326 -0.483889
6.534450 0.183668 -0.342591
8.057670 0.223664 -0.140701
10.558800 0.276493 0.184367
15.950800 0.412117 0.836224
28.384200 0.728400 2.484110
5.521180 0.137829 -0.483191
6.535050 0.160856 -0.342591
8.066400 0.195732 -0.140841
10.567700 0.239818 0.184507
15.932200 0.355986 0.835177
28.354700 0.628615 2.481320
5.497730 0.118041 -0.481100
6.535570 0.138045 -0.342591
8.055040 0.167322 -0.140631
10.556400 0.202695 0.184297
15.933300 0.300373 0.835177
28.348800 0.529479 2.480630
5.510060 0.099065 -0.482146
6.536010 0.115229 -0.342591
8.039580 0.138929 -0.140352
10.561100 0.165905 0.184367
15.942200 0.244872 0.835596
28.342500 0.430391 2.479930
5.522320 0.080005 -0.483191
6.536380 0.092411 -0.342591
8.076000 0.111359 -0.140981
10.549600 0.128895 0.184158
15.843100 0.188048 0.830362
28.459300 0.332812 2.490040
5.526550 0.060771 -0.483540
6.536660 0.069596 -0.342591
8.020350 0.082593 -0.140003
10.558000 0.092136 0.184297
15.883600 0.135846 0.832456
28.340800 0.232481 2.479580
5.510790 0.041361 -0.482146
6.536860 0.046777 -0.342591
8.036580 0.056106 -0.140282
10.574200 0.057212 0.184577
5.498950 0.023037 -0.481100
6.536980 0.025101 -0.342591
8.032720 0.029446 -0.140213
10.538400 0.022068 0.183948
15.812300 0.027601 0.828688
29.899800 0.046958 2.615890
5.510950 0.003849 -0.482146
6.537030 0.002284 -0.342591
8.056770 0.001409 -0.140631
10.546400 -0.016566 0.184088
15.812300 -0.030357 0.828688
29.887800 -0.062597 2.614850
5.530850 -0.016410 -0.483889
6.536990 -0.021678 -0.342591
8.076720 -0.028193 -0.140981
10.554200 -0.055262 0.184228
15.884000 -0.085941 0.832456
29.724000 -0.171200 2.600550
5.522790 -0.035665 -0.483191
6.536880 -0.044496 -0.342591
8.056580 -0.056246 -0.140631
10.542000 -0.090159 0.184018
29.747100 -0.275176 2.602640
5.510680 -0.054824 -0.482146
6.536690 -0.066173 -0.342591
8.020340 -0.083992 -0.140003
10.545600 -0.127005 0.184088
29.610500 -0.372117 2.590790
5.502500 -0.072992 -0.481448
6.536420 -0.088989 -0.342591
8.020020 -0.110588 -0.140003
10.537200 -0.161852 0.183948
29.553300 -0.474579 2.585910
5.482290 -0.091865 -0.479705
6.536090 -0.110665 -0.342591
8.035580 -0.138859 -0.140282
10.542500 -0.198745 0.184053
15.781500 -0.300265 0.827222
29.563500 -0.572810 2.586960
5.497890 -0.110365 -0.481100
6.535670 -0.133479 -0.342591
8.007080 -0.164928 -0.139794
10.553800 -0.233970 0.184263
29.376100 -0.671766 2.570750
5.509420 -0.129837 -0.482146
6.535190 -0.155151 -0.342591
8.058440 -0.194129 -0.140701
10.544900 -0.270603 0.184123
29.433400 -0.770742 2.575980
5.508930 -0.149067 -0.482146
6.534610 -0.177963 -0.342591
8.017730 -0.221155 -0.140003
10.519900 -0.306711 0.183704
29.125700 -0.869519 2.549310
5.496430 -0.167931 -0.481100
6.533910 -0.201912 -0.342591
8.016910 -0.249140 -0.140003
10.538700 -0.345923 0.184053
28.099000 -0.937049 2.459710
29.461900 -0.992795 3.619520
5.471920 -0.186303 -0.479008
6.533170 -0.224718 -0.342591
8.004000 -0.276708 -0.139794
10.569500 -0.382024 0.184612
28.047800 -1.033370 2.455530
29.448500 -1.090120 3.618300
5.523000 -0.207346 -0.483540
6.532380 -0.246382 -0.342591
8.038950 -0.306015 -0.140422
10.556100 -0.418441 0.184402
28.072100 -1.127490 2.457970
5.494370 -0.225479 -0.481100
6.531480 -0.269183 -0.342591
8.025850 -0.333576 -0.140213
10.514600 -0.453562 0.183704
27.968200 -1.226010 2.449250
28.859100 -1.270110 3.546890
5.505490 -0.245189 -0.482146
6.530450 -0.293120 -0.342591
8.016640 -0.361230 -0.140073
10.484900 -0.490788 0.183215
29.046400 -1.374870 2.544080
5.492660 -0.263831 -0.481100
6.529390 -0.315914 -0.342591
7.975390 -0.387271 -0.139375
10.451300 -0.523953 0.182657
28.110200 -1.428920 2.462500
28.996300 -1.479040 3.564920
5.515580 -0.284233 -0.483191
6.528310 -0.337564 -0.342591
8.009930 -0.416979 -0.140003
10.485300 -0.562359 0.183285
15.661800 -0.842731 0.821989
28.276400 -1.531390 2.477490
29.199100 -1.591590 3.590510
5.526550 -0.303177 -0.484237
6.527090 -0.360350 -0.342591
8.008510 -0.443539 -0.140003
10.483400 -0.597127 0.183285
5.493630 -0.320609 -0.481448
6.525860 -0.381993 -0.342591
7.994930 -0.470786 -0.139794
10.505200 -0.635165 0.183704
28.826100 -1.758030 2.526640
5.516340 -0.341260 -0.483540
6.524490 -0.404770 -0.342591
7.981260 -0.497943 -0.139584
10.475000 -0.670044 0.183215
28.883100 -1.867790 2.532220
5.515120 -0.360513 -0.483540
6.522960 -0.428681 -0.342591
7.979480 -0.525800 -0.139584
10.476500 -0.708702 0.183285
28.109100 -1.916290 2.464940
5.509850 -0.379489 -0.483191
6.521420 -0.451447 -0.342591
7.977500 -0.555043 -0.139584
10.481900 -0.745835 0.183425
15.644500 -1.118670 0.821989
28.785900 -2.063400 2.524900
5.496570 -0.397856 -0.482146
6.519810 -0.474209 -0.342591
7.987480 -0.583760 -0.139794
10.515100 -0.785100 0.184053
28.635500 -2.153110 2.512350
5.511040 -0.418247 -0.483540
6.518110 -0.496964 -0.342591
7.997350 -0.612555 -0.140003
10.492400 -0.820241 0.183704
28.600000 -2.250870 2.509910
5.473800 -0.434642 -0.480402
6.516340 -0.519714 -0.342591
7.959290 -0.637593 -0.139375
10.489500 -0.856861 0.183704
15.632200 -1.279710 0.821989
27.704300 -2.277710 2.431990
5.484160 -0.454735 -0.481448
6.554290 -0.545771 -0.344685
7.969090 -0.664981 -0.139584
10.486600 -0.891641 0.183704
28.591500 -2.451160 2.510610
5.502390 -0.475591 -0.483191
6.512650 -0.564057 -0.342591
7.954760 -0.691755 -0.139375
10.483400 -0.928240 0.183704
27.527500 -2.451920 2.417870
5.488870 -0.492766 -0.482146
6.510640 -0.586787 -0.342591
7.952300 -0.719518 -0.139375
10.480100 -0.964828 0.183704
27.530600 -2.549090 2.418920
29.559700 -2.747370 3.645110
5.510930 -0.514144 -0.484237
6.508550 -0.609509 -0.342591
7.933810 -0.745775 -0.139096
10.488600 -1.002550 0.183913
15.612800 -1.497840 0.821989
27.370800 -2.630690 2.405670
5.485300 -0.531073 -0.482146
6.506380 -0.632225 -0.342591
7.970970 -0.777346 -0.139794
10.457200 -1.036390 0.183425
28.543100 -2.843950 2.509560
5.483410 -0.550217 -0.482146
6.543880 -0.658934 -0.344685
7.984120 -0.806774 -0.140073
10.437600 -1.071250 0.183146
28.542900 -2.944590 2.510430
5.481460 -0.569355 -0.482146
6.501810 -0.677632 -0.342591
7.925570 -0.828815 -0.139096
10.465600 -1.111060 0.183704
15.596200 -1.661250 0.821989
28.502700 -3.041030 2.507820
5.503210 -0.591038 -0.484237
6.499410 -0.700323 -0.342591
7.962390 -0.860774 -0.139794
10.461800 -1.145760 0.183704
15.590700 -1.712960 0.821989
28.427100 -3.128340 2.502070
5.501220 -0.609284 -0.484237
6.548660 -0.727607 -0.345313
7.959490 -0.887174 -0.139794
10.473700 -1.184070 0.183983
28.372500 -3.222610 2.498230
5.487180 -0.627126 -0.483191
6.494490 -0.744547 -0.342591
7.932510 -0.912211 -0.139375
10.437700 -1.216910 0.183425
28.224500 -3.305630 2.486200
5.461220 -0.643478 -0.481100
6.491850 -0.767212 -0.342591
7.929270 -0.939895 -0.139375
10.437400 -1.253820 0.183495
28.163400 -3.398170 2.481850
5.470800 -0.663978 -0.482146
6.489130 -0.789869 -0.342591
7.933880 -0.968537 -0.139515
10.436900 -1.290730 0.183564
15.565200 -1.930470 0.821989
28.117700 -3.492280 2.478880
5.488220 -0.685540 -0.483889
6.565610 -0.822445 -0.346778
7.946330 -0.998219 -0.139794
10.440300 -1.328170 0.183704
27.919600 -3.566680 2.462500
5.458130 -0.701139 -0.481448
6.523080 -0.840255 -0.344685
7.930900 -1.024410 -0.139584
10.447500 -1.366160 0.183913
27.918800 -3.665670 2.463540
5.487250 -0.724359 -0.484237
6.480510 -0.857778 -0.342591
7.939350 -1.052280 -0.139794
10.466600 -1.403990 0.184332
26.946200 -3.633700 2.378830
5.476800 -0.742439 -0.483540
6.548870 -0.888935 -0.346359
7.923740 -1.078370 -0.139584
10.445800 -1.438330 0.184053
27.399800 -3.787420 2.419970
5.497850 -0.764846 -0.485632
6.545730 -0.911789 -0.346359
7.919930 -1.106030 -0.139584
10.420900 -1.471990 0.183704
27.784200 -3.944390 2.455180
5.495150 -0.784032 -0.485632
6.597710 -0.943692 -0.349290
7.979360 -1.142740 -0.140701
10.439200 -1.513620 0.184123
27.943800 -4.066600 2.470520
5.492380 -0.803209 -0.485632
6.539040 -0.958605 -0.346359
7.983240 -1.171740 -0.140841
10.430200 -1.547640 0.184053
28.068100 -4.179780 2.482720
5.489680 -0.821418 -0.485632
6.516070 -0.977322 -0.345313
7.943710 -1.192870 -0.140213
10.444800 -1.585220 0.184402
27.006200 -4.113240 2.389980
5.498600 -0.842386 -0.486678
6.500780 -0.998242 -0.344685
7.967170 -1.224840 -0.140701
10.423100 -1.621030 0.184123
26.951600 -4.206050 2.386500
5.471860 -0.858827 -0.484586
6.583890 -1.035720 -0.349290
7.958680 -1.253410 -0.140631
10.428900 -1.661110 0.184332
27.911800 -4.460760 2.472960
5.464890 -0.877290 -0.484237
6.505300 -1.046640 -0.345313
7.965880 -1.284480 -0.140841
10.458600 -1.703290 0.184961
27.809600 -4.544020 2.465290
5.489320 -0.900878 -0.486678
6.548900 -1.077120 -0.347825
7.985020 -1.316180 -0.141260
10.421000 -1.734530 0.184402
27.760100 -4.635490 2.462320
5.474350 -0.918057 -0.485632
6.497830 -1.092030 -0.345313
7.980610 -1.342660 -0.141260
10.427000 -1.771090 0.184612
27.730900 -4.725180 2.461100
5.498770 -0.940910 -0.488072
6.494180 -1.113570 -0.345313
7.991880 -1.371820 -0.141539
10.417200 -1.804980 0.184542
27.722900 -4.818480 2.461800
29.952800 -5.216820 3.733100
5.479920 -0.956399 -0.486678
6.510120 -1.138540 -0.346359
7.987050 -1.399710 -0.141539
10.414700 -1.842020 0.184612
15.494900 -2.746120 0.824710
27.560700 -4.889460 2.448900
28.884800 -5.134770 3.602210
5.492240 -0.978317 -0.488072
6.506110 -1.161260 -0.346359
7.982110 -1.427580 -0.141539
10.408300 -1.878370 0.184612
15.512800 -2.805170 0.826176
27.559200 -4.988480 2.450300
29.818000 -5.408090 3.720920
5.508220 -1.002010 -0.489815
6.529520 -1.188970 -0.347825
7.961340 -1.452560 -0.141260
10.385900 -1.911790 0.184332
15.550000 -2.867990 0.828688
27.532900 -5.088010 2.449600
29.830100 -5.517920 3.724810
5.496850 -1.019770 -0.489118
6.525120 -1.212890 -0.347825
7.991610 -1.486930 -0.141888
10.380800 -1.950210 0.184367
15.492300 -2.916100 0.826176
27.481700 -5.177810 2.446640
29.770700 -5.619850 3.719940
5.450010 -1.031760 -0.485283
6.548320 -1.240870 -0.349290
7.982180 -1.515460 -0.141818
10.405300 -1.992460 0.184926
15.501600 -2.973930 0.827222
27.482100 -5.282260 2.448380
29.614400 -5.697480 3.702880
5.477680 -1.056820 -0.488072
6.516280 -1.259560 -0.347825
7.949350 -1.538000 -0.141330
10.426500 -2.030490 0.185414
15.590200 -3.041730 0.832456
27.464300 -5.363400 2.448200
28.949600 -5.663950 3.621960
5.494070 -1.076900 -0.489815
6.492910 -1.275040 -0.346778
7.968030 -1.567600 -0.141748
10.439000 -2.070760 0.185763
27.367300 -5.443690 2.441230
29.190500 -5.816950 3.654620
5.470740 -1.092170 -0.488072
6.508010 -1.301610 -0.347825
7.970350 -1.596970 -0.141888
10.478700 -2.116690 0.186601
15.498200 -3.136240 0.828688
27.344200 -5.538390 2.440880
29.065000 -5.897490 3.641460
5.451270 -1.108080 -0.486678
6.550390 -1.333880 -0.350337
7.945130 -1.620790 -0.141539
10.471300 -2.153250 0.186601
26.618300 -5.488160 2.377780
29.199800 -6.031040 3.660960
5.462980 -1.130330 -0.488072
6.498760 -1.347010 -0.347825
7.939430 -1.648510 -0.141539
10.416700 -2.179960 0.185763
15.546300 -3.259110 0.832456
26.914900 -5.647330 2.406020
29.108600 -6.118230 3.652180
5.458800 -1.150350 -0.488072
6.474480 -1.365570 -0.346778
7.933620 -1.676220 -0.141539
10.471600 -2.229630 0.186880
27.205700 -5.812540 2.433910
29.094800 -6.221460 3.653160
5.458650 -1.170230 -0.488421
6.488960 -1.393480 -0.347825
7.939450 -1.706420 -0.141748
10.494700 -2.274780 0.187439
27.177500 -5.905780 2.433210
29.087300 -6.331430 3.655110
5.493460 -1.197770 -0.491907
6.484050 -1.416120 -0.347825
7.921730 -1.731560 -0.141539
10.522200 -2.317310 0.188067
15.511300 -3.421730 0.832456
27.047800 -5.976540 2.423450
29.054600 -6.425280 3.653640
5.458120 -1.210040 -0.489118
6.444220 -1.429830 -0.345941
7.915640 -1.759200 -0.141539
10.541400 -2.360140 0.188556
26.981100 -6.055730 2.419270
28.981600 -6.515340 3.647310
5.442420 -1.225500 -0.488072
6.497640 -1.465500 -0.349081
7.925360 -1.788960 -0.141818
10.478900 -2.382670 0.187578
26.917100 -6.140120 2.415430
28.669500 -6.545140 3.610750
5.438110 -1.244490 -0.488072
6.492750 -1.487040 -0.349081
7.950250 -1.823770 -0.142377
10.478300 -2.421030 0.187718
26.947100 -6.241040 2.419970
28.692900 -6.655940 3.616590
5.437610 -1.264370 -0.488421
6.464170 -1.504260 -0.347825
7.936050 -1.849700 -0.142237
10.489300 -2.462170 0.188067
15.657000 -3.680980 0.842923
26.893000 -6.332460 2.417180
28.484000 -6.712340 3.593200
5.440920 -1.285180 -0.489118
6.458620 -1.527940 -0.347825
7.913980 -1.873700 -0.141958
10.460700 -2.495950 0.187718
15.644100 -3.735610 0.842923
26.901700 -6.433710 2.419970
28.161900 -6.745490 3.555660
5.428650 -1.302300 -0.488421
6.453240 -1.550480 -0.347825
7.930720 -1.906930 -0.142377
10.475700 -2.536270 0.188137
15.631000 -3.790190 0.842923
26.881000 -6.528040 2.420140
28.116300 -6.833220 3.552740
5.439560 -1.325020 -0.489815
6.545090 -1.595520 -0.353058
7.908480 -1.930800 -0.142097
10.494000 -2.579510 0.188626
15.617600 -3.844730 0.842923
26.797300 -6.601890 2.414560
28.042100 -6.918950 3.546400
5.435140 -1.343050 -0.489815
6.489070 -1.605880 -0.350337
7.917210 -1.962250 -0.142377
10.484900 -2.616120 0.188626
15.604100 -3.899220 0.842923
26.772200 -6.694910 2.414390
28.772700 -7.205840 3.641940
5.453610 -1.367830 -0.491907
6.417560 -1.611980 -0.346778
7.894800 -1.985970 -0.142097
10.491200 -2.656630 0.188905
15.590400 -3.953670 0.842923
26.671400 -6.768720 2.407420
28.720400 -7.299390 3.638530
5.460380 -1.389800 -0.492953
6.458350 -1.646210 -0.349290
7.907200 -2.018460 -0.142447
10.481900 -2.693240 0.188905
26.543400 -6.834950 2.398000
28.602500 -7.375800 3.626830
5.424630 -1.400890 -0.490164
6.452560 -1.668750 -0.349290
7.888490 -2.043040 -0.142237
10.491800 -2.734860 0.189254
26.600400 -6.948710 2.405320
28.434400 -7.438420 3.608800
5.419710 -1.419810 -0.490164
6.516250 -1.709510 -0.353058
7.900650 -2.075640 -0.142586
10.505400 -2.777600 0.189673
15.548200 -4.116710 0.842923
26.604800 -7.049180 2.407940
28.362200 -7.525410 3.602950
5.449380 -1.447930 -0.493302
6.510240 -1.732240 -0.353058
7.877900 -2.099090 -0.142307
10.518800 -2.820460 0.190092
25.689200 -6.902620 2.327230
28.408600 -7.643970 3.612210
5.428900 -1.462800 -0.491907
6.407740 -1.728940 -0.347825
7.886340 -2.129370 -0.142586
10.501600 -2.853230 0.189952
26.508200 -7.217020 2.403580
28.429100 -7.750660 3.618060
5.462460 -1.491290 -0.495393
6.448210 -1.762820 -0.350337
7.906240 -2.162900 -0.143075
10.499800 -2.890160 0.190092
26.380400 -7.276280 2.394170
28.330500 -7.824810 3.608800
5.457490 -1.509390 -0.495393
6.442330 -1.784190 -0.350337
7.864340 -2.179500 -0.142447
10.501700 -2.928190 0.190301
26.417500 -7.380870 2.399750
28.254700 -7.904810 3.602460
5.425590 -1.519960 -0.492953
6.447910 -1.808780 -0.350965
7.872470 -2.209890 -0.142726
10.479400 -2.963400 0.190092
26.279100 -7.446150 2.389640
28.282900 -8.024570 3.609770
5.446550 -1.548410 -0.495393
6.429710 -1.829130 -0.350337
7.883150 -2.245580 -0.143075
10.499800 -3.008770 0.190650
26.224800 -7.534710 2.387200
28.201300 -8.107890 3.602950
29.964400 -8.626120 4.938640
5.441110 -1.567410 -0.495393
6.434480 -1.856000 -0.350965
7.909850 -2.283060 -0.143703
10.527100 -3.058390 0.191348
15.635500 -4.548450 0.853390
26.125700 -7.605050 2.380570
27.843600 -8.115660 3.561020
5.435610 -1.586390 -0.495393
6.408790 -1.872850 -0.349918
7.889910 -2.308670 -0.143494
10.516300 -3.095120 0.191348
15.619500 -4.603000 0.853390
26.099000 -7.696200 2.380570
27.906400 -8.239780 3.572720
29.636700 -8.761910 4.894830
5.430030 -1.605360 -0.495393
6.429030 -1.903140 -0.351384
7.881810 -2.336190 -0.143494
10.505400 -3.131810 0.191348
26.079600 -7.789530 2.381270
27.759600 -8.301880 3.557610
29.668000 -8.878270 4.904850
5.424400 -1.624300 -0.495393
6.452950 -1.934750 -0.353058
7.851030 -2.355420 -0.143075
10.495000 -3.166630 0.191348
26.105600 -7.896670 2.386150
27.967500 -8.465200 3.587830
5.418690 -1.643230 -0.495393
6.396810 -1.941060 -0.350337
7.888680 -2.396770 -0.143913
10.485800 -3.203830 0.191383
26.029800 -7.968030 2.381620
27.949200 -8.566260 3.589300
29.378700 -9.015630 4.867300
5.412930 -1.662130 -0.495393
6.439630 -1.978630 -0.353058
7.903200 -2.431340 -0.144331
10.551000 -3.264050 0.192779
25.960400 -8.050990 2.377960
27.809100 -8.629650 3.575160
5.407090 -1.681020 -0.495393
6.432340 -2.002220 -0.353058
7.894670 -2.458920 -0.144331
10.519900 -3.296720 0.192430
26.040500 -8.175580 2.387890
26.980100 -8.480900 3.472550
5.401190 -1.699880 -0.495393
6.425310 -2.024660 -0.353058
7.908490 -2.495050 -0.144750
10.550200 -3.346720 0.193198
25.992800 -8.260390 2.386150
27.807200 -8.847680 3.582960
5.395220 -1.718720 -0.495393
6.418200 -2.047080 -0.353058
7.850200 -2.506830 -0.143843
10.511800 -3.374970 0.192709
15.693400 -5.041630 0.863857
25.975200 -8.354730 2.387200
27.779900 -8.945910 3.583450
5.389190 -1.737550 -0.495393
6.411020 -2.069470 -0.353058
7.879900 -2.545140 -0.144541
10.542400 -3.423400 0.193477
15.676600 -5.093640 0.863857
25.867800 -8.414940 2.379870
27.772800 -9.045360 3.586370
29.922900 -9.751410 4.984630
5.383400 -1.755410 -0.495393
6.442090 -2.103110 -0.355152
7.860020 -2.567530 -0.144331
10.512000 -3.452100 0.193128
15.658700 -5.148330 0.863857
25.817000 -8.493200 2.377780
27.678500 -9.116290 3.578080
29.856800 -9.845280 4.979310
5.407820 -1.783230 -0.498182
6.397150 -2.111940 -0.353058
7.888980 -2.607500 -0.145030
10.537800 -3.501390 0.193826
15.640700 -5.202960 0.863857
25.757000 -8.573200 2.374990
27.605100 -9.199050 3.572720
29.803500 -9.943190 4.976180
5.397790 -1.800840 -0.497834
6.389740 -2.134260 -0.353058
7.879830 -2.635030 -0.145030
10.605200 -3.564910 0.195292
15.622400 -5.257530 0.863857
25.677800 -8.646530 2.370460
27.467500 -9.259840 3.559070
29.791000 -10.054700 4.979940
5.365040 -1.810750 -0.495393
6.420100 -2.169340 -0.355152
7.916050 -2.677890 -0.145867
10.562400 -3.591610 0.194734
15.604000 -5.312030 0.863857
25.507900 -8.688570 2.357560
27.352300 -9.327470 3.548350
29.894100 -10.205900 5.003090
5.358690 -1.829470 -0.495393
6.423830 -2.195610 -0.355780
7.899080 -2.702920 -0.145728
10.568700 -3.634960 0.195083
25.349300 -8.733420 2.345710
27.312100 -9.420300 3.547370
29.802300 -10.290800 4.993700
5.378630 -1.857260 -0.497834
6.416120 -2.218020 -0.355780
7.904720 -2.735710 -0.146007
10.574800 -3.678400 0.195432
25.548200 -8.901830 2.366980
27.309000 -9.526040 3.551270
29.658000 -10.357000 4.975560
5.383400 -1.879970 -0.498879
6.397030 -2.236450 -0.355152
7.857370 -2.750070 -0.145309
29.865400 -10.458700 8.478910
10.573200 -3.719270 0.195641
25.468100 -8.973740 2.362440
27.361700 -9.651690 3.562480
29.591900 -10.450000 4.970550
5.369290 -1.896090 -0.498182
6.389180 -2.258760 -0.355152
7.859030 -2.781490 -0.145518
29.803200 -10.553900 8.471670
10.526300 -3.744090 0.195013
24.487000 -8.724240 2.274240
27.402600 -9.773810 3.572230
29.547800 -10.550600 4.969300
5.332620 -1.904110 -0.495393
6.381260 -2.281050 -0.355152
7.860570 -2.812950 -0.145728
29.871700 -10.695600 8.501690
10.539500 -3.790290 0.195502
25.461100 -9.171580 2.367670
29.592500 -10.683100 4.983060
5.355920 -1.933530 -0.498182
6.384530 -2.307390 -0.355780
7.843180 -2.837640 -0.145588
29.696100 -10.749800 8.462350
10.548700 -3.835250 0.195921
25.432700 -9.261770 2.368020
27.344900 -9.968960 3.573700
29.666400 -10.827000 5.001840
5.349140 -1.952220 -0.498182
6.327660 -2.311840 -0.353058
7.855770 -2.873250 -0.146007
29.567700 -10.820200 8.436470
10.535300 -3.872050 0.195921
25.441300 -9.365630 2.371860
27.265300 -10.047900 3.567850
29.735900 -10.970200 5.019980
5.349770 -1.973640 -0.498879
6.394490 -2.361590 -0.357245
7.868200 -2.908970 -0.146426
10.521700 -3.908800 0.195921
15.730400 -5.850070 0.879558
25.402900 -9.452290 2.371330
27.259800 -10.154100 3.571750
5.335380 -1.989510 -0.498182
6.311370 -2.355960 -0.353058
7.820530 -2.922420 -0.145728
10.541000 -3.960000 0.196549
25.392300 -9.554460 2.373600
27.218700 -10.252500 3.571260
6.422280 -2.424210 -0.359757
7.840210 -2.961010 -0.146286
10.516600 -3.990670 0.196340
24.282400 -9.233720 2.272850
27.358900 -10.409100 3.594170
7.855990 -2.998340 -0.146775
10.502600 -4.027360 0.196340
21.562200 -8.281260 2.020790
27.177900 -10.449000 3.575160
28.337300 -10.906000 4.809110
6.353440 -2.447770 -0.356827
7.879060 -3.038690 -0.147403
10.507100 -4.071220 0.196689
15.740300 -6.105250 0.884792
25.381700 -9.850020 2.381970
27.096900 -10.526500 3.569310
6.344860 -2.469930 -0.356827
7.860950 -3.063280 -0.147263
10.545000 -4.128280 0.197666
25.399100 -9.958930 2.386850
27.148600 -10.655800 3.581010
6.388240 -2.512530 -0.359757
7.839580 -3.084930 -0.147054
10.508900 -4.154410 0.197247
25.293800 -10.019600 2.380220
27.094700 -10.738500 3.578570
6.379880 -2.533700 -0.359757
7.891950 -3.137400 -0.148241
10.505500 -4.195520 0.197457
15.676600 -6.267000 0.884792
25.168000 -10.066500 2.371510
27.093900 -10.847800 3.583450
6.437720 -2.582730 -0.363526
7.836410 -3.147040 -0.147403
10.516700 -4.242640 0.197945
15.654600 -6.321690 0.884792
24.972000 -10.094400 2.356520
26.930700 -10.891700 3.566870
6.317160 -2.561280 -0.357245
7.884680 -3.198430 -0.148520
10.508500 -4.284170 0.198085
24.139800 -9.856190 2.281210
26.769400 -10.940700 3.550790
6.363630 -2.606020 -0.360385
7.829050 -3.207740 -0.147682
10.520200 -4.329650 0.198573
15.610100 -6.430820 0.884792
24.016800 -9.903930 2.272850
6.318040 -2.611850 -0.358292
7.825200 -3.238100 -0.147822
10.527100 -4.375560 0.198992
24.064800 -10.017200 2.280520
6.353120 -2.652360 -0.360804
7.851320 -3.279450 -0.148520
10.523600 -4.415080 0.199202
15.658000 -6.575590 0.890025
23.879100 -10.037800 2.266220
6.355330 -2.678060 -0.361432
7.839830 -3.306840 -0.148520
10.519200 -4.456470 0.199411
24.869100 -10.551200 2.363490
6.327560 -2.692410 -0.360385
7.828240 -3.334180 -0.148520
10.492500 -4.488440 0.199202
22.513600 -9.644670 2.142810
6.373180 -2.738130 -0.363526
7.853290 -3.377290 -0.149218
10.535600 -4.550420 0.200319
15.680000 -6.778830 0.895259
22.454100 -9.712130 2.140370
6.363580 -2.760360 -0.363526
7.804770 -3.388750 -0.148520
10.501300 -4.579170 0.199970
22.403700 -9.783270 2.138800
6.317320 -2.766540 -0.361432
7.829520 -3.432030 -0.149218
10.547500 -4.643190 0.201156
21.518000 -9.486090 2.057400
6.344150 -2.804720 -0.363526
7.817490 -3.459340 -0.149218
10.575000 -4.699470 0.201994
6.334330 -2.826850 -0.363526
7.819980 -3.493130 -0.149497
10.551300 -4.733080 0.201855
22.294500 -10.014900 2.138280
6.324420 -2.848940 -0.363526
7.793150 -3.513830 -0.149218
10.549300 -4.776480 0.202134
21.301400 -9.658240 2.046240
6.314440 -2.871000 -0.363526
7.788120 -3.544330 -0.149358
10.539800 -4.816600 0.202273
21.292900 -9.744150 2.048680
6.304380 -2.893030 -0.363526
7.837480 -3.599870 -0.150544
10.508400 -4.846660 0.201994
21.170100 -9.777480 2.040140
6.294240 -2.915020 -0.363526
7.788590 -3.610390 -0.149846
10.513200 -4.893440 0.202413
21.300200 -9.927910 2.056000
21.103600 -9.845250 2.859300
6.284030 -2.936970 -0.363526
7.823030 -3.659580 -0.150754
10.535800 -4.948810 0.203181
21.097700 -9.923340 2.039790
6.309860 -2.975930 -0.365619
7.770420 -3.668090 -0.149986
10.529400 -4.990700 0.203390
15.832100 -7.507490 0.918287
21.075600 -10.002900 2.041010
6.263370 -2.980770 -0.363526
7.787110 -3.707590 -0.150544
10.509100 -5.023860 0.203321
6.300270 -3.023990 -0.366247
7.807220 -3.748970 -0.151173
10.517600 -5.070840 0.203809
15.176300 -7.323430 0.883117
15.130800 -7.304750 1.469970
6.308180 -3.053570 -0.367294
7.804880 -3.781430 -0.151382
10.499900 -5.107530 0.203809
14.820200 -7.215490 0.863857
14.741600 -7.180410 1.434580
6.322610 -3.087840 -0.368759
7.813190 -3.819190 -0.151801
10.543000 -5.174100 0.204996
14.437600 -7.088550 0.842923
14.376700 -7.064870 1.401460
6.311790 -3.109890 -0.368759
7.793310 -3.841540 -0.151661
10.536600 -5.214360 0.205205
14.054800 -6.961610 0.821989
14.016400 -6.948640 1.368690
6.258520 -3.109480 -0.366247
7.772690 -3.865160 -0.151522
10.523700 -5.253780 0.205310
13.748200 -6.869570 0.805450
13.677800 -6.837400 1.337840
6.247080 -3.132400 -0.366247
7.805620 -3.915580 -0.152429
10.518600 -5.299520 0.205589
6.321090 -3.198560 -0.371271
7.812630 -3.955000 -0.152848
10.538300 -5.357970 0.206357
6.249410 -3.189730 -0.367712
7.788090 -3.976790 -0.152639
10.541900 -5.403840 0.206776
6.203280 -3.192160 -0.365619
10.563000 -5.458960 0.207544
12.512000 -6.471770 0.738251
6.192660 -3.212710 -0.365619
6.252190 -3.271350 -0.369806
6.208940 -3.276370 -0.367922
6.253880 -3.328050 -0.371271
6.224630 -3.340420 -0.370225
6.188340 -3.348820 -0.368759
6.264280 -3.418230 -0.373993
6.251710 -3.441170 -0.373993
6.211710 -3.447460 -0.372318
10.354800 -5.770540 0.206916
10.436200 -5.820620 0.626252
10.344300 -5.774130 1.036460
10.319300 -5.762530 1.451220
6.161900 -3.446590 -0.370015
10.200400 -5.731220 0.204228
10.210300 -5.741500 0.613901
10.153200 -5.711700 1.019200
10.126100 -5.701130 1.426850
6.215940 -3.505360 -0.373993
10.013300 -5.672180 0.200877
10.040800 -5.692400 0.604899
6.203670 -3.527040 -0.373993
6.191320 -3.548670 -0.373993
6.241150 -3.606230 -0.377761
6.167020 -3.590730 -0.373993
6.206120 -3.642570 -0.377133
6.141800 -3.633700 -0.373993
6.129080 -3.655110 -0.373993
6.160790 -3.703240 -0.376714
6.103410 -3.697810 -0.373993
6.199560 -3.785710 -0.380692
6.138680 -3.778020 -0.377761
6.132240 -3.803630 -0.378180
6.159580 -3.850430 -0.380692
6.163000 -3.882550 -0.381738
6.149410 -3.904040 -0.381738
6.145840 -3.931940 -0.382367
6.166340 -3.973930 -0.384460
6.152430 -3.995440 -0.384460
6.094990 -3.988450 -0.381738
